0.0,None,face-recognition-5-deployment-59c5b6cb76-6mnb8
0.0,None,face-recognition-5-deployment-59c5b6cb76-6mnb8
0.0,None,face-recognition-5-deployment-59c5b6cb76-6mnb8
0.0,None,face-recognition-5-deployment-59c5b6cb76-6mnb8
0.0,None,face-recognition-5-deployment-59c5b6cb76-6mnb8
0.0,None,face-recognition-5-deployment-59c5b6cb76-6mnb8
0.0,None,face-recognition-5-deployment-59c5b6cb76-6mnb8
0.0,None,face-recognition-5-deployment-59c5b6cb76-6mnb8
0.0,True,face-recognition-5-deployment-59c5b6cb76-6mnb8
0.0,True,face-recognition-5-deployment-59c5b6cb76-6mnb8
0.0,True,face-recognition-5-deployment-59c5b6cb76-6mnb8
0.0,True,face-recognition-5-deployment-59c5b6cb76-6mnb8
0.0,True,face-recognition-5-deployment-59c5b6cb76-6mnb8
0.0,True,face-recognition-5-deployment-59c5b6cb76-6mnb8
0.0,True,face-recognition-5-deployment-59c5b6cb76-6mnb8
0.0,True,face-recognition-5-deployment-59c5b6cb76-6mnb8
0.0,True,face-recognition-5-deployment-59c5b6cb76-6mnb8
0.0,True,face-recognition-5-deployment-59c5b6cb76-6mnb8
0.0,True,face-recognition-5-deployment-59c5b6cb76-6mnb8
0.0,True,face-recognition-5-deployment-59c5b6cb76-6mnb8
0.0,True,face-recognition-5-deployment-59c5b6cb76-6mnb8
0.0,True,face-recognition-5-deployment-59c5b6cb76-6mnb8
0.0,True,face-recognition-5-deployment-59c5b6cb76-6mnb8
0.0,True,face-recognition-5-deployment-59c5b6cb76-6mnb8
0.0,True,face-recognition-5-deployment-59c5b6cb76-6mnb8
0.0,True,face-recognition-5-deployment-59c5b6cb76-6mnb8
0.0,True,face-recognition-5-deployment-59c5b6cb76-6mnb8
0.0,True,face-recognition-5-deployment-59c5b6cb76-6mnb8
28.82,True,face-recognition-5-deployment-59c5b6cb76-6mnb8
28.82,True,face-recognition-5-deployment-59c5b6cb76-6mnb8
28.82,True,face-recognition-5-deployment-59c5b6cb76-6mnb8
28.82,True,face-recognition-5-deployment-59c5b6cb76-6mnb8
28.82,True,face-recognition-5-deployment-59c5b6cb76-6mnb8
28.82,True,face-recognition-5-deployment-59c5b6cb76-6mnb8
28.82,True,face-recognition-5-deployment-59c5b6cb76-6mnb8
28.82,True,face-recognition-5-deployment-59c5b6cb76-6mnb8
28.82,True,face-recognition-5-deployment-59c5b6cb76-6mnb8
28.82,True,face-recognition-5-deployment-59c5b6cb76-6mnb8
28.82,True,face-recognition-5-deployment-59c5b6cb76-6mnb8
28.82,True,face-recognition-5-deployment-59c5b6cb76-6mnb8
28.82,True,face-recognition-5-deployment-59c5b6cb76-6mnb8
28.82,True,face-recognition-5-deployment-59c5b6cb76-6mnb8
28.82,True,face-recognition-5-deployment-59c5b6cb76-6mnb8
28.82,True,face-recognition-5-deployment-59c5b6cb76-6mnb8
28.82,True,face-recognition-5-deployment-59c5b6cb76-6mnb8
28.82,True,face-recognition-5-deployment-59c5b6cb76-6mnb8
28.82,True,face-recognition-5-deployment-59c5b6cb76-6mnb8
28.82,True,face-recognition-5-deployment-59c5b6cb76-6mnb8
28.82,True,face-recognition-5-deployment-59c5b6cb76-6mnb8
28.82,True,face-recognition-5-deployment-59c5b6cb76-6mnb8
28.82,True,face-recognition-5-deployment-59c5b6cb76-6mnb8
28.82,True,face-recognition-5-deployment-59c5b6cb76-6mnb8
23.17,True,face-recognition-5-deployment-59c5b6cb76-6mnb8
23.17,True,face-recognition-5-deployment-59c5b6cb76-6mnb8
23.17,True,face-recognition-5-deployment-59c5b6cb76-6mnb8
23.17,True,face-recognition-5-deployment-59c5b6cb76-6mnb8
23.17,True,face-recognition-5-deployment-59c5b6cb76-6mnb8
23.17,True,face-recognition-5-deployment-59c5b6cb76-6mnb8
23.17,True,face-recognition-5-deployment-59c5b6cb76-6mnb8
23.17,True,face-recognition-5-deployment-59c5b6cb76-6mnb8
23.17,True,face-recognition-5-deployment-59c5b6cb76-6mnb8
23.17,True,face-recognition-5-deployment-59c5b6cb76-6mnb8
23.17,True,face-recognition-5-deployment-59c5b6cb76-6mnb8
23.17,True,face-recognition-5-deployment-59c5b6cb76-6mnb8
23.17,True,face-recognition-5-deployment-59c5b6cb76-6mnb8
23.17,True,face-recognition-5-deployment-59c5b6cb76-6mnb8
23.17,True,face-recognition-5-deployment-59c5b6cb76-6mnb8
23.17,True,face-recognition-5-deployment-59c5b6cb76-6mnb8
23.17,True,face-recognition-5-deployment-59c5b6cb76-6mnb8
23.17,True,face-recognition-5-deployment-59c5b6cb76-6mnb8
23.17,True,face-recognition-5-deployment-59c5b6cb76-6mnb8
23.17,True,face-recognition-5-deployment-59c5b6cb76-6mnb8
23.17,True,face-recognition-5-deployment-59c5b6cb76-6mnb8
23.17,True,face-recognition-5-deployment-59c5b6cb76-6mnb8
23.17,True,face-recognition-5-deployment-59c5b6cb76-6mnb8
23.17,True,face-recognition-5-deployment-59c5b6cb76-6mnb8
23.06,True,face-recognition-5-deployment-59c5b6cb76-6mnb8
23.06,True,face-recognition-5-deployment-59c5b6cb76-6mnb8
23.06,True,face-recognition-5-deployment-59c5b6cb76-6mnb8
23.06,True,face-recognition-5-deployment-59c5b6cb76-6mnb8
23.06,True,face-recognition-5-deployment-59c5b6cb76-6mnb8
23.06,True,face-recognition-5-deployment-59c5b6cb76-6mnb8
23.06,True,face-recognition-5-deployment-59c5b6cb76-6mnb8
23.06,True,face-recognition-5-deployment-59c5b6cb76-6mnb8
23.06,True,face-recognition-5-deployment-59c5b6cb76-6mnb8
23.06,True,face-recognition-5-deployment-59c5b6cb76-6mnb8
23.06,True,face-recognition-5-deployment-59c5b6cb76-6mnb8
23.06,True,face-recognition-5-deployment-59c5b6cb76-6mnb8
23.06,True,face-recognition-5-deployment-59c5b6cb76-6mnb8
23.06,True,face-recognition-5-deployment-59c5b6cb76-6mnb8
23.06,True,face-recognition-5-deployment-59c5b6cb76-6mnb8
23.06,True,face-recognition-5-deployment-59c5b6cb76-6mnb8
23.06,True,face-recognition-5-deployment-59c5b6cb76-6mnb8
23.06,True,face-recognition-5-deployment-59c5b6cb76-6mnb8
23.06,True,face-recognition-5-deployment-59c5b6cb76-6mnb8
23.06,True,face-recognition-5-deployment-59c5b6cb76-6mnb8
23.06,True,face-recognition-5-deployment-59c5b6cb76-6mnb8
23.06,True,face-recognition-5-deployment-59c5b6cb76-6mnb8
23.06,True,face-recognition-5-deployment-59c5b6cb76-6mnb8
23.06,True,face-recognition-5-deployment-59c5b6cb76-6mnb8
23.23,True,face-recognition-5-deployment-59c5b6cb76-6mnb8
23.23,True,face-recognition-5-deployment-59c5b6cb76-6mnb8
23.23,True,face-recognition-5-deployment-59c5b6cb76-6mnb8
23.23,True,face-recognition-5-deployment-59c5b6cb76-6mnb8
23.23,True,face-recognition-5-deployment-59c5b6cb76-6mnb8
23.23,True,face-recognition-5-deployment-59c5b6cb76-6mnb8
23.23,True,face-recognition-5-deployment-59c5b6cb76-6mnb8
23.23,True,face-recognition-5-deployment-59c5b6cb76-6mnb8
23.23,True,face-recognition-5-deployment-59c5b6cb76-6mnb8
23.23,True,face-recognition-5-deployment-59c5b6cb76-6mnb8
23.23,True,face-recognition-5-deployment-59c5b6cb76-6mnb8
23.23,True,face-recognition-5-deployment-59c5b6cb76-6mnb8
23.23,True,face-recognition-5-deployment-59c5b6cb76-6mnb8
23.23,True,face-recognition-5-deployment-59c5b6cb76-6mnb8
23.23,True,face-recognition-5-deployment-59c5b6cb76-6mnb8
23.23,True,face-recognition-5-deployment-59c5b6cb76-6mnb8
23.23,True,face-recognition-5-deployment-59c5b6cb76-6mnb8
23.23,True,face-recognition-5-deployment-59c5b6cb76-6mnb8
23.23,True,face-recognition-5-deployment-59c5b6cb76-6mnb8
23.23,True,face-recognition-5-deployment-59c5b6cb76-6mnb8
23.23,True,face-recognition-5-deployment-59c5b6cb76-6mnb8
23.23,True,face-recognition-5-deployment-59c5b6cb76-6mnb8
23.23,True,face-recognition-5-deployment-59c5b6cb76-6mnb8
23.23,True,face-recognition-5-deployment-59c5b6cb76-6mnb8
23.04,True,face-recognition-5-deployment-59c5b6cb76-6mnb8
23.04,True,face-recognition-5-deployment-59c5b6cb76-6mnb8
23.04,True,face-recognition-5-deployment-59c5b6cb76-6mnb8
23.04,True,face-recognition-5-deployment-59c5b6cb76-6mnb8
23.04,True,face-recognition-5-deployment-59c5b6cb76-6mnb8
23.04,True,face-recognition-5-deployment-59c5b6cb76-6mnb8
23.04,True,face-recognition-5-deployment-59c5b6cb76-6mnb8
23.04,True,face-recognition-5-deployment-59c5b6cb76-6mnb8
23.04,True,face-recognition-5-deployment-59c5b6cb76-6mnb8
23.04,True,face-recognition-5-deployment-59c5b6cb76-6mnb8
23.04,True,face-recognition-5-deployment-59c5b6cb76-6mnb8
23.04,True,face-recognition-5-deployment-59c5b6cb76-6mnb8
23.04,True,face-recognition-5-deployment-59c5b6cb76-6mnb8
23.04,True,face-recognition-5-deployment-59c5b6cb76-6mnb8
23.04,True,face-recognition-5-deployment-59c5b6cb76-6mnb8
23.04,True,face-recognition-5-deployment-59c5b6cb76-6mnb8
23.04,True,face-recognition-5-deployment-59c5b6cb76-6mnb8
23.04,True,face-recognition-5-deployment-59c5b6cb76-6mnb8
23.04,False,face-recognition-5-deployment-59c5b6cb76-6mnb8
23.04,False,face-recognition-5-deployment-59c5b6cb76-6mnb8
23.04,True,face-recognition-5-deployment-59c5b6cb76-6mnb8
23.04,True,face-recognition-5-deployment-59c5b6cb76-6mnb8
23.04,True,face-recognition-5-deployment-59c5b6cb76-6mnb8
23.04,True,face-recognition-5-deployment-59c5b6cb76-6mnb8
23.04,True,face-recognition-5-deployment-59c5b6cb76-6mnb8
23.04,True,face-recognition-5-deployment-59c5b6cb76-6mnb8
23.04,True,face-recognition-5-deployment-59c5b6cb76-6mnb8
23.04,True,face-recognition-5-deployment-59c5b6cb76-6mnb8
23.04,True,face-recognition-5-deployment-59c5b6cb76-6mnb8
23.04,True,face-recognition-5-deployment-59c5b6cb76-6mnb8
23.04,True,face-recognition-5-deployment-59c5b6cb76-6mnb8
23.04,True,face-recognition-5-deployment-59c5b6cb76-6mnb8
29.6,False,face-recognition-5-deployment-59c5b6cb76-6mnb8
29.6,False,face-recognition-5-deployment-59c5b6cb76-6mnb8
29.6,False,face-recognition-5-deployment-59c5b6cb76-6mnb8
29.6,False,face-recognition-5-deployment-59c5b6cb76-6mnb8
29.6,False,face-recognition-5-deployment-59c5b6cb76-6mnb8
29.6,False,face-recognition-5-deployment-59c5b6cb76-6mnb8
29.6,False,face-recognition-5-deployment-59c5b6cb76-6mnb8
29.6,False,face-recognition-5-deployment-59c5b6cb76-6mnb8
29.6,False,face-recognition-5-deployment-59c5b6cb76-6mnb8
29.6,False,face-recognition-5-deployment-59c5b6cb76-6mnb8
29.6,False,face-recognition-5-deployment-59c5b6cb76-6mnb8
29.6,False,face-recognition-5-deployment-59c5b6cb76-6mnb8
29.6,False,face-recognition-5-deployment-59c5b6cb76-6mnb8
29.6,False,face-recognition-5-deployment-59c5b6cb76-6mnb8
29.6,False,face-recognition-5-deployment-59c5b6cb76-6mnb8
29.6,False,face-recognition-5-deployment-59c5b6cb76-6mnb8
29.6,True,face-recognition-5-deployment-59c5b6cb76-6mnb8
29.6,True,face-recognition-5-deployment-59c5b6cb76-6mnb8
29.6,True,face-recognition-5-deployment-59c5b6cb76-6mnb8
29.6,True,face-recognition-5-deployment-59c5b6cb76-6mnb8
29.6,True,face-recognition-5-deployment-59c5b6cb76-6mnb8
29.6,True,face-recognition-5-deployment-59c5b6cb76-6mnb8
29.6,True,face-recognition-5-deployment-59c5b6cb76-6mnb8
29.6,True,face-recognition-5-deployment-59c5b6cb76-6mnb8
29.6,True,face-recognition-5-deployment-59c5b6cb76-6mnb8
29.6,True,face-recognition-5-deployment-59c5b6cb76-6mnb8
29.6,True,face-recognition-5-deployment-59c5b6cb76-6mnb8
29.6,True,face-recognition-5-deployment-59c5b6cb76-6mnb8
29.6,True,face-recognition-5-deployment-59c5b6cb76-6mnb8
29.6,True,face-recognition-5-deployment-59c5b6cb76-6mnb8
29.6,True,face-recognition-5-deployment-59c5b6cb76-6mnb8
29.6,True,face-recognition-5-deployment-59c5b6cb76-6mnb8
29.6,True,face-recognition-5-deployment-59c5b6cb76-6mnb8
29.6,True,face-recognition-5-deployment-59c5b6cb76-6mnb8
29.6,True,face-recognition-5-deployment-59c5b6cb76-6mnb8
29.6,True,face-recognition-5-deployment-59c5b6cb76-6mnb8
34.67,True,face-recognition-5-deployment-59c5b6cb76-6mnb8
34.67,True,face-recognition-5-deployment-59c5b6cb76-6mnb8
34.67,True,face-recognition-5-deployment-59c5b6cb76-6mnb8
34.67,True,face-recognition-5-deployment-59c5b6cb76-6mnb8
34.67,True,face-recognition-5-deployment-59c5b6cb76-6mnb8
34.67,True,face-recognition-5-deployment-59c5b6cb76-6mnb8
34.67,True,face-recognition-5-deployment-59c5b6cb76-6mnb8
34.67,True,face-recognition-5-deployment-59c5b6cb76-6mnb8
34.67,True,face-recognition-5-deployment-59c5b6cb76-6mnb8
34.67,True,face-recognition-5-deployment-59c5b6cb76-6mnb8
34.67,True,face-recognition-5-deployment-59c5b6cb76-6mnb8
34.67,True,face-recognition-5-deployment-59c5b6cb76-6mnb8
34.67,True,face-recognition-5-deployment-59c5b6cb76-6mnb8
34.67,True,face-recognition-5-deployment-59c5b6cb76-6mnb8
34.67,True,face-recognition-5-deployment-59c5b6cb76-6mnb8
34.67,True,face-recognition-5-deployment-59c5b6cb76-6mnb8
34.67,True,face-recognition-5-deployment-59c5b6cb76-6mnb8
34.67,True,face-recognition-5-deployment-59c5b6cb76-6mnb8
34.67,True,face-recognition-5-deployment-59c5b6cb76-6mnb8
34.67,True,face-recognition-5-deployment-59c5b6cb76-6mnb8
34.67,True,face-recognition-5-deployment-59c5b6cb76-6mnb8
34.67,True,face-recognition-5-deployment-59c5b6cb76-6mnb8
34.67,True,face-recognition-5-deployment-59c5b6cb76-6mnb8
34.67,True,face-recognition-5-deployment-59c5b6cb76-6mnb8
22.38,True,face-recognition-5-deployment-59c5b6cb76-6mnb8
22.38,True,face-recognition-5-deployment-59c5b6cb76-6mnb8
22.38,True,face-recognition-5-deployment-59c5b6cb76-6mnb8
22.38,True,face-recognition-5-deployment-59c5b6cb76-6mnb8
22.38,True,face-recognition-5-deployment-59c5b6cb76-6mnb8
22.38,True,face-recognition-5-deployment-59c5b6cb76-6mnb8
22.38,True,face-recognition-5-deployment-59c5b6cb76-6mnb8
22.38,True,face-recognition-5-deployment-59c5b6cb76-6mnb8
22.38,True,face-recognition-5-deployment-59c5b6cb76-6mnb8
22.38,True,face-recognition-5-deployment-59c5b6cb76-6mnb8
22.38,True,face-recognition-5-deployment-59c5b6cb76-6mnb8
22.38,True,face-recognition-5-deployment-59c5b6cb76-6mnb8
22.38,True,face-recognition-5-deployment-59c5b6cb76-6mnb8
22.38,True,face-recognition-5-deployment-59c5b6cb76-6mnb8
22.38,True,face-recognition-5-deployment-59c5b6cb76-6mnb8
22.38,True,face-recognition-5-deployment-59c5b6cb76-6mnb8
22.38,True,face-recognition-5-deployment-59c5b6cb76-6mnb8
22.38,True,face-recognition-5-deployment-59c5b6cb76-6mnb8
22.38,True,face-recognition-5-deployment-59c5b6cb76-6mnb8
22.38,True,face-recognition-5-deployment-59c5b6cb76-6mnb8
22.38,True,face-recognition-5-deployment-59c5b6cb76-6mnb8
22.38,True,face-recognition-5-deployment-59c5b6cb76-6mnb8
22.38,True,face-recognition-5-deployment-59c5b6cb76-6mnb8
22.38,True,face-recognition-5-deployment-59c5b6cb76-6mnb8
23.1,True,face-recognition-5-deployment-59c5b6cb76-6mnb8
23.1,True,face-recognition-5-deployment-59c5b6cb76-6mnb8
23.1,True,face-recognition-5-deployment-59c5b6cb76-6mnb8
23.1,True,face-recognition-5-deployment-59c5b6cb76-6mnb8
23.1,True,face-recognition-5-deployment-59c5b6cb76-6mnb8
23.1,True,face-recognition-5-deployment-59c5b6cb76-6mnb8
23.1,True,face-recognition-5-deployment-59c5b6cb76-6mnb8
23.1,True,face-recognition-5-deployment-59c5b6cb76-6mnb8
23.1,True,face-recognition-5-deployment-59c5b6cb76-6mnb8
23.1,True,face-recognition-5-deployment-59c5b6cb76-6mnb8
23.1,True,face-recognition-5-deployment-59c5b6cb76-6mnb8
23.1,True,face-recognition-5-deployment-59c5b6cb76-6mnb8
23.1,True,face-recognition-5-deployment-59c5b6cb76-6mnb8
23.1,True,face-recognition-5-deployment-59c5b6cb76-6mnb8
23.1,True,face-recognition-5-deployment-59c5b6cb76-6mnb8
23.1,True,face-recognition-5-deployment-59c5b6cb76-6mnb8
23.1,True,face-recognition-5-deployment-59c5b6cb76-6mnb8
23.1,True,face-recognition-5-deployment-59c5b6cb76-6mnb8
23.1,True,face-recognition-5-deployment-59c5b6cb76-6mnb8
23.1,True,face-recognition-5-deployment-59c5b6cb76-6mnb8
23.1,True,face-recognition-5-deployment-59c5b6cb76-6mnb8
23.1,True,face-recognition-5-deployment-59c5b6cb76-6mnb8
23.1,True,face-recognition-5-deployment-59c5b6cb76-6mnb8
23.1,True,face-recognition-5-deployment-59c5b6cb76-6mnb8
22.49,True,face-recognition-5-deployment-59c5b6cb76-6mnb8
22.49,True,face-recognition-5-deployment-59c5b6cb76-6mnb8
22.49,True,face-recognition-5-deployment-59c5b6cb76-6mnb8
22.49,True,face-recognition-5-deployment-59c5b6cb76-6mnb8
22.49,True,face-recognition-5-deployment-59c5b6cb76-6mnb8
22.49,True,face-recognition-5-deployment-59c5b6cb76-6mnb8
22.49,True,face-recognition-5-deployment-59c5b6cb76-6mnb8
22.49,True,face-recognition-5-deployment-59c5b6cb76-6mnb8
22.49,True,face-recognition-5-deployment-59c5b6cb76-6mnb8
22.49,True,face-recognition-5-deployment-59c5b6cb76-6mnb8
22.49,True,face-recognition-5-deployment-59c5b6cb76-6mnb8
22.49,True,face-recognition-5-deployment-59c5b6cb76-6mnb8
22.49,True,face-recognition-5-deployment-59c5b6cb76-6mnb8
22.49,True,face-recognition-5-deployment-59c5b6cb76-6mnb8
22.49,True,face-recognition-5-deployment-59c5b6cb76-6mnb8
22.49,True,face-recognition-5-deployment-59c5b6cb76-6mnb8
22.49,True,face-recognition-5-deployment-59c5b6cb76-6mnb8
22.49,True,face-recognition-5-deployment-59c5b6cb76-6mnb8
22.49,True,face-recognition-5-deployment-59c5b6cb76-6mnb8
22.49,True,face-recognition-5-deployment-59c5b6cb76-6mnb8
22.49,True,face-recognition-5-deployment-59c5b6cb76-6mnb8
22.49,True,face-recognition-5-deployment-59c5b6cb76-6mnb8
22.49,True,face-recognition-5-deployment-59c5b6cb76-6mnb8
22.49,True,face-recognition-5-deployment-59c5b6cb76-6mnb8
23.1,True,face-recognition-5-deployment-59c5b6cb76-6mnb8
23.1,True,face-recognition-5-deployment-59c5b6cb76-6mnb8
23.1,True,face-recognition-5-deployment-59c5b6cb76-6mnb8
23.1,True,face-recognition-5-deployment-59c5b6cb76-6mnb8
23.1,True,face-recognition-5-deployment-59c5b6cb76-6mnb8
23.1,True,face-recognition-5-deployment-59c5b6cb76-6mnb8
23.1,True,face-recognition-5-deployment-59c5b6cb76-6mnb8
23.1,True,face-recognition-5-deployment-59c5b6cb76-6mnb8
23.1,True,face-recognition-5-deployment-59c5b6cb76-6mnb8
23.1,True,face-recognition-5-deployment-59c5b6cb76-6mnb8
23.1,True,face-recognition-5-deployment-59c5b6cb76-6mnb8
23.1,True,face-recognition-5-deployment-59c5b6cb76-6mnb8
23.1,True,face-recognition-5-deployment-59c5b6cb76-6mnb8
23.1,True,face-recognition-5-deployment-59c5b6cb76-6mnb8
23.1,True,face-recognition-5-deployment-59c5b6cb76-6mnb8
23.1,True,face-recognition-5-deployment-59c5b6cb76-6mnb8
23.1,True,face-recognition-5-deployment-59c5b6cb76-6mnb8
23.1,True,face-recognition-5-deployment-59c5b6cb76-6mnb8
23.1,False,face-recognition-5-deployment-59c5b6cb76-6mnb8
23.1,False,face-recognition-5-deployment-59c5b6cb76-6mnb8
23.1,False,face-recognition-5-deployment-59c5b6cb76-6mnb8
23.1,False,face-recognition-5-deployment-59c5b6cb76-6mnb8
23.1,False,face-recognition-5-deployment-59c5b6cb76-6mnb8
23.1,False,face-recognition-5-deployment-59c5b6cb76-6mnb8
23.18,True,face-recognition-5-deployment-59c5b6cb76-6mnb8
23.18,True,face-recognition-5-deployment-59c5b6cb76-6mnb8
23.18,True,face-recognition-5-deployment-59c5b6cb76-6mnb8
23.18,True,face-recognition-5-deployment-59c5b6cb76-6mnb8
23.18,True,face-recognition-5-deployment-59c5b6cb76-6mnb8
23.18,True,face-recognition-5-deployment-59c5b6cb76-6mnb8
23.18,True,face-recognition-5-deployment-59c5b6cb76-6mnb8
23.18,True,face-recognition-5-deployment-59c5b6cb76-6mnb8
23.18,True,face-recognition-5-deployment-59c5b6cb76-6mnb8
23.18,True,face-recognition-5-deployment-59c5b6cb76-6mnb8
23.18,False,face-recognition-5-deployment-59c5b6cb76-6mnb8
23.18,False,face-recognition-5-deployment-59c5b6cb76-6mnb8
23.18,True,face-recognition-5-deployment-59c5b6cb76-6mnb8
23.18,True,face-recognition-5-deployment-59c5b6cb76-6mnb8
23.18,True,face-recognition-5-deployment-59c5b6cb76-6mnb8
23.18,True,face-recognition-5-deployment-59c5b6cb76-6mnb8
23.18,True,face-recognition-5-deployment-59c5b6cb76-6mnb8
23.18,True,face-recognition-5-deployment-59c5b6cb76-6mnb8
23.18,True,face-recognition-5-deployment-59c5b6cb76-6mnb8
23.18,True,face-recognition-5-deployment-59c5b6cb76-6mnb8
23.18,True,face-recognition-5-deployment-59c5b6cb76-6mnb8
23.18,True,face-recognition-5-deployment-59c5b6cb76-6mnb8
23.18,True,face-recognition-5-deployment-59c5b6cb76-6mnb8
23.18,True,face-recognition-5-deployment-59c5b6cb76-6mnb8
23.23,False,face-recognition-5-deployment-59c5b6cb76-6mnb8
23.23,False,face-recognition-5-deployment-59c5b6cb76-6mnb8
23.23,False,face-recognition-5-deployment-59c5b6cb76-6mnb8
23.23,False,face-recognition-5-deployment-59c5b6cb76-6mnb8
23.23,False,face-recognition-5-deployment-59c5b6cb76-6mnb8
23.23,False,face-recognition-5-deployment-59c5b6cb76-6mnb8
23.23,True,face-recognition-5-deployment-59c5b6cb76-6mnb8
23.23,True,face-recognition-5-deployment-59c5b6cb76-6mnb8
23.23,True,face-recognition-5-deployment-59c5b6cb76-6mnb8
23.23,True,face-recognition-5-deployment-59c5b6cb76-6mnb8
23.23,True,face-recognition-5-deployment-59c5b6cb76-6mnb8
23.23,True,face-recognition-5-deployment-59c5b6cb76-6mnb8
23.23,False,face-recognition-5-deployment-59c5b6cb76-6mnb8
23.23,False,face-recognition-5-deployment-59c5b6cb76-6mnb8
23.23,False,face-recognition-5-deployment-59c5b6cb76-6mnb8
23.23,False,face-recognition-5-deployment-59c5b6cb76-6mnb8
23.23,False,face-recognition-5-deployment-59c5b6cb76-6mnb8
23.23,False,face-recognition-5-deployment-59c5b6cb76-6mnb8
23.23,False,face-recognition-5-deployment-59c5b6cb76-6mnb8
23.23,False,face-recognition-5-deployment-59c5b6cb76-6mnb8
23.23,True,face-recognition-5-deployment-59c5b6cb76-6mnb8
23.23,True,face-recognition-5-deployment-59c5b6cb76-6mnb8
23.23,True,face-recognition-5-deployment-59c5b6cb76-6mnb8
23.23,True,face-recognition-5-deployment-59c5b6cb76-6mnb8
23.22,True,face-recognition-5-deployment-59c5b6cb76-6mnb8
23.22,True,face-recognition-5-deployment-59c5b6cb76-6mnb8
23.22,True,face-recognition-5-deployment-59c5b6cb76-6mnb8
23.22,True,face-recognition-5-deployment-59c5b6cb76-6mnb8
23.22,True,face-recognition-5-deployment-59c5b6cb76-6mnb8
23.22,True,face-recognition-5-deployment-59c5b6cb76-6mnb8
23.22,True,face-recognition-5-deployment-59c5b6cb76-6mnb8
23.22,True,face-recognition-5-deployment-59c5b6cb76-6mnb8
23.22,True,face-recognition-5-deployment-59c5b6cb76-6mnb8
23.22,True,face-recognition-5-deployment-59c5b6cb76-6mnb8
23.22,True,face-recognition-5-deployment-59c5b6cb76-6mnb8
23.22,True,face-recognition-5-deployment-59c5b6cb76-6mnb8
23.22,True,face-recognition-5-deployment-59c5b6cb76-6mnb8
23.22,True,face-recognition-5-deployment-59c5b6cb76-6mnb8
23.22,True,face-recognition-5-deployment-59c5b6cb76-6mnb8
23.22,True,face-recognition-5-deployment-59c5b6cb76-6mnb8
23.22,True,face-recognition-5-deployment-59c5b6cb76-6mnb8
23.22,True,face-recognition-5-deployment-59c5b6cb76-6mnb8
23.22,True,face-recognition-5-deployment-59c5b6cb76-6mnb8
23.22,True,face-recognition-5-deployment-59c5b6cb76-6mnb8
23.22,True,face-recognition-5-deployment-59c5b6cb76-6mnb8
23.22,True,face-recognition-5-deployment-59c5b6cb76-6mnb8
23.22,True,face-recognition-5-deployment-59c5b6cb76-6mnb8
23.22,True,face-recognition-5-deployment-59c5b6cb76-6mnb8
23.17,True,face-recognition-5-deployment-59c5b6cb76-6mnb8
23.17,True,face-recognition-5-deployment-59c5b6cb76-6mnb8
23.17,True,face-recognition-5-deployment-59c5b6cb76-6mnb8
23.17,True,face-recognition-5-deployment-59c5b6cb76-6mnb8
23.17,True,face-recognition-5-deployment-59c5b6cb76-6mnb8
23.17,True,face-recognition-5-deployment-59c5b6cb76-6mnb8
23.17,True,face-recognition-5-deployment-59c5b6cb76-6mnb8
23.17,True,face-recognition-5-deployment-59c5b6cb76-6mnb8
23.17,True,face-recognition-5-deployment-59c5b6cb76-6mnb8
23.17,True,face-recognition-5-deployment-59c5b6cb76-6mnb8
23.17,True,face-recognition-5-deployment-59c5b6cb76-6mnb8
23.17,True,face-recognition-5-deployment-59c5b6cb76-6mnb8
23.17,True,face-recognition-5-deployment-59c5b6cb76-6mnb8
23.17,True,face-recognition-5-deployment-59c5b6cb76-6mnb8
23.17,True,face-recognition-5-deployment-59c5b6cb76-6mnb8
23.17,True,face-recognition-5-deployment-59c5b6cb76-6mnb8
23.17,True,face-recognition-5-deployment-59c5b6cb76-6mnb8
23.17,True,face-recognition-5-deployment-59c5b6cb76-6mnb8
23.17,True,face-recognition-5-deployment-59c5b6cb76-6mnb8
23.17,True,face-recognition-5-deployment-59c5b6cb76-6mnb8
23.17,True,face-recognition-5-deployment-59c5b6cb76-6mnb8
23.17,True,face-recognition-5-deployment-59c5b6cb76-6mnb8
23.17,True,face-recognition-5-deployment-59c5b6cb76-6mnb8
23.17,True,face-recognition-5-deployment-59c5b6cb76-6mnb8
22.99,True,face-recognition-5-deployment-59c5b6cb76-6mnb8
22.99,True,face-recognition-5-deployment-59c5b6cb76-6mnb8
22.99,True,face-recognition-5-deployment-59c5b6cb76-6mnb8
22.99,True,face-recognition-5-deployment-59c5b6cb76-6mnb8
22.99,True,face-recognition-5-deployment-59c5b6cb76-6mnb8
22.99,True,face-recognition-5-deployment-59c5b6cb76-6mnb8
22.99,True,face-recognition-5-deployment-59c5b6cb76-6mnb8
22.99,True,face-recognition-5-deployment-59c5b6cb76-6mnb8
22.99,True,face-recognition-5-deployment-59c5b6cb76-6mnb8
22.99,True,face-recognition-5-deployment-59c5b6cb76-6mnb8
22.99,True,face-recognition-5-deployment-59c5b6cb76-6mnb8
22.99,True,face-recognition-5-deployment-59c5b6cb76-6mnb8
22.99,True,face-recognition-5-deployment-59c5b6cb76-6mnb8
22.99,True,face-recognition-5-deployment-59c5b6cb76-6mnb8
22.99,True,face-recognition-5-deployment-59c5b6cb76-6mnb8
22.99,True,face-recognition-5-deployment-59c5b6cb76-6mnb8
22.99,True,face-recognition-5-deployment-59c5b6cb76-6mnb8
22.99,True,face-recognition-5-deployment-59c5b6cb76-6mnb8
22.99,True,face-recognition-5-deployment-59c5b6cb76-6mnb8
22.99,True,face-recognition-5-deployment-59c5b6cb76-6mnb8
22.99,True,face-recognition-5-deployment-59c5b6cb76-6mnb8
22.99,True,face-recognition-5-deployment-59c5b6cb76-6mnb8
22.99,True,face-recognition-5-deployment-59c5b6cb76-6mnb8
22.99,True,face-recognition-5-deployment-59c5b6cb76-6mnb8
23.16,True,face-recognition-5-deployment-59c5b6cb76-6mnb8
23.16,True,face-recognition-5-deployment-59c5b6cb76-6mnb8
23.16,True,face-recognition-5-deployment-59c5b6cb76-6mnb8
23.16,True,face-recognition-5-deployment-59c5b6cb76-6mnb8
23.16,True,face-recognition-5-deployment-59c5b6cb76-6mnb8
23.16,True,face-recognition-5-deployment-59c5b6cb76-6mnb8
23.16,True,face-recognition-5-deployment-59c5b6cb76-6mnb8
23.16,True,face-recognition-5-deployment-59c5b6cb76-6mnb8
23.16,True,face-recognition-5-deployment-59c5b6cb76-6mnb8
23.16,True,face-recognition-5-deployment-59c5b6cb76-6mnb8
23.16,True,face-recognition-5-deployment-59c5b6cb76-6mnb8
23.16,True,face-recognition-5-deployment-59c5b6cb76-6mnb8
23.16,True,face-recognition-5-deployment-59c5b6cb76-6mnb8
23.16,True,face-recognition-5-deployment-59c5b6cb76-6mnb8
23.16,True,face-recognition-5-deployment-59c5b6cb76-6mnb8
23.16,True,face-recognition-5-deployment-59c5b6cb76-6mnb8
23.16,True,face-recognition-5-deployment-59c5b6cb76-6mnb8
23.16,True,face-recognition-5-deployment-59c5b6cb76-6mnb8
23.16,True,face-recognition-5-deployment-59c5b6cb76-6mnb8
23.16,True,face-recognition-5-deployment-59c5b6cb76-6mnb8
23.16,True,face-recognition-5-deployment-59c5b6cb76-6mnb8
23.16,True,face-recognition-5-deployment-59c5b6cb76-6mnb8
23.16,True,face-recognition-5-deployment-59c5b6cb76-6mnb8
23.16,True,face-recognition-5-deployment-59c5b6cb76-6mnb8
22.85,True,face-recognition-5-deployment-59c5b6cb76-6mnb8
22.85,True,face-recognition-5-deployment-59c5b6cb76-6mnb8
22.85,True,face-recognition-5-deployment-59c5b6cb76-6mnb8
22.85,True,face-recognition-5-deployment-59c5b6cb76-6mnb8
22.85,True,face-recognition-5-deployment-59c5b6cb76-6mnb8
22.85,True,face-recognition-5-deployment-59c5b6cb76-6mnb8
22.85,True,face-recognition-5-deployment-59c5b6cb76-6mnb8
22.85,True,face-recognition-5-deployment-59c5b6cb76-6mnb8
22.85,True,face-recognition-5-deployment-59c5b6cb76-6mnb8
22.85,True,face-recognition-5-deployment-59c5b6cb76-6mnb8
22.85,True,face-recognition-5-deployment-59c5b6cb76-6mnb8
22.85,True,face-recognition-5-deployment-59c5b6cb76-6mnb8
22.85,True,face-recognition-5-deployment-59c5b6cb76-6mnb8
22.85,True,face-recognition-5-deployment-59c5b6cb76-6mnb8
22.85,True,face-recognition-5-deployment-59c5b6cb76-6mnb8
22.85,True,face-recognition-5-deployment-59c5b6cb76-6mnb8
22.85,True,face-recognition-5-deployment-59c5b6cb76-6mnb8
22.85,True,face-recognition-5-deployment-59c5b6cb76-6mnb8
22.85,True,face-recognition-5-deployment-59c5b6cb76-6mnb8
22.85,True,face-recognition-5-deployment-59c5b6cb76-6mnb8
22.85,True,face-recognition-5-deployment-59c5b6cb76-6mnb8
22.85,True,face-recognition-5-deployment-59c5b6cb76-6mnb8
22.85,True,face-recognition-5-deployment-59c5b6cb76-6mnb8
22.85,True,face-recognition-5-deployment-59c5b6cb76-6mnb8
22.85,True,face-recognition-5-deployment-59c5b6cb76-6mnb8
22.85,True,face-recognition-5-deployment-59c5b6cb76-6mnb8
23.86,True,face-recognition-5-deployment-59c5b6cb76-6mnb8
23.86,True,face-recognition-5-deployment-59c5b6cb76-6mnb8
23.86,True,face-recognition-5-deployment-59c5b6cb76-6mnb8
23.86,True,face-recognition-5-deployment-59c5b6cb76-6mnb8
23.86,True,face-recognition-5-deployment-59c5b6cb76-6mnb8
23.86,True,face-recognition-5-deployment-59c5b6cb76-6mnb8
23.86,True,face-recognition-5-deployment-59c5b6cb76-6mnb8
23.86,True,face-recognition-5-deployment-59c5b6cb76-6mnb8
23.86,True,face-recognition-5-deployment-59c5b6cb76-6mnb8
23.86,True,face-recognition-5-deployment-59c5b6cb76-6mnb8
23.86,True,face-recognition-5-deployment-59c5b6cb76-6mnb8
23.86,True,face-recognition-5-deployment-59c5b6cb76-6mnb8
23.86,True,face-recognition-5-deployment-59c5b6cb76-6mnb8
23.86,True,face-recognition-5-deployment-59c5b6cb76-6mnb8
23.86,True,face-recognition-5-deployment-59c5b6cb76-6mnb8
23.86,True,face-recognition-5-deployment-59c5b6cb76-6mnb8
23.86,True,face-recognition-5-deployment-59c5b6cb76-6mnb8
23.86,True,face-recognition-5-deployment-59c5b6cb76-6mnb8
23.86,True,face-recognition-5-deployment-59c5b6cb76-6mnb8
23.86,True,face-recognition-5-deployment-59c5b6cb76-6mnb8
23.86,True,face-recognition-5-deployment-59c5b6cb76-6mnb8
23.86,True,face-recognition-5-deployment-59c5b6cb76-6mnb8
23.86,True,face-recognition-5-deployment-59c5b6cb76-6mnb8
23.86,True,face-recognition-5-deployment-59c5b6cb76-6mnb8
23.08,True,face-recognition-5-deployment-59c5b6cb76-6mnb8
23.08,True,face-recognition-5-deployment-59c5b6cb76-6mnb8
23.08,True,face-recognition-5-deployment-59c5b6cb76-6mnb8
23.08,True,face-recognition-5-deployment-59c5b6cb76-6mnb8
23.08,True,face-recognition-5-deployment-59c5b6cb76-6mnb8
23.08,True,face-recognition-5-deployment-59c5b6cb76-6mnb8
23.08,True,face-recognition-5-deployment-59c5b6cb76-6mnb8
23.08,True,face-recognition-5-deployment-59c5b6cb76-6mnb8
23.08,True,face-recognition-5-deployment-59c5b6cb76-6mnb8
23.08,True,face-recognition-5-deployment-59c5b6cb76-6mnb8
23.08,True,face-recognition-5-deployment-59c5b6cb76-6mnb8
23.08,True,face-recognition-5-deployment-59c5b6cb76-6mnb8
23.08,True,face-recognition-5-deployment-59c5b6cb76-6mnb8
23.08,True,face-recognition-5-deployment-59c5b6cb76-6mnb8
23.08,True,face-recognition-5-deployment-59c5b6cb76-6mnb8
23.08,True,face-recognition-5-deployment-59c5b6cb76-6mnb8
23.08,True,face-recognition-5-deployment-59c5b6cb76-6mnb8
23.08,True,face-recognition-5-deployment-59c5b6cb76-6mnb8
23.08,True,face-recognition-5-deployment-59c5b6cb76-6mnb8
23.08,True,face-recognition-5-deployment-59c5b6cb76-6mnb8
23.08,True,face-recognition-5-deployment-59c5b6cb76-6mnb8
23.08,True,face-recognition-5-deployment-59c5b6cb76-6mnb8
23.08,True,face-recognition-5-deployment-59c5b6cb76-6mnb8
23.08,True,face-recognition-5-deployment-59c5b6cb76-6mnb8
23.32,True,face-recognition-5-deployment-59c5b6cb76-6mnb8
23.32,True,face-recognition-5-deployment-59c5b6cb76-6mnb8
23.32,True,face-recognition-5-deployment-59c5b6cb76-6mnb8
23.32,True,face-recognition-5-deployment-59c5b6cb76-6mnb8
23.32,True,face-recognition-5-deployment-59c5b6cb76-6mnb8
23.32,True,face-recognition-5-deployment-59c5b6cb76-6mnb8
23.32,True,face-recognition-5-deployment-59c5b6cb76-6mnb8
23.32,True,face-recognition-5-deployment-59c5b6cb76-6mnb8
23.32,True,face-recognition-5-deployment-59c5b6cb76-6mnb8
23.32,True,face-recognition-5-deployment-59c5b6cb76-6mnb8
23.32,True,face-recognition-5-deployment-59c5b6cb76-6mnb8
23.32,True,face-recognition-5-deployment-59c5b6cb76-6mnb8
23.32,True,face-recognition-5-deployment-59c5b6cb76-6mnb8
23.32,True,face-recognition-5-deployment-59c5b6cb76-6mnb8
23.32,True,face-recognition-5-deployment-59c5b6cb76-6mnb8
23.32,True,face-recognition-5-deployment-59c5b6cb76-6mnb8
23.32,True,face-recognition-5-deployment-59c5b6cb76-6mnb8
23.32,True,face-recognition-5-deployment-59c5b6cb76-6mnb8
23.32,True,face-recognition-5-deployment-59c5b6cb76-6mnb8
23.32,True,face-recognition-5-deployment-59c5b6cb76-6mnb8
23.32,True,face-recognition-5-deployment-59c5b6cb76-6mnb8
23.32,True,face-recognition-5-deployment-59c5b6cb76-6mnb8
23.32,True,face-recognition-5-deployment-59c5b6cb76-6mnb8
23.32,True,face-recognition-5-deployment-59c5b6cb76-6mnb8
23.2,True,face-recognition-5-deployment-59c5b6cb76-6mnb8
23.2,True,face-recognition-5-deployment-59c5b6cb76-6mnb8
23.2,True,face-recognition-5-deployment-59c5b6cb76-6mnb8
23.2,True,face-recognition-5-deployment-59c5b6cb76-6mnb8
23.2,True,face-recognition-5-deployment-59c5b6cb76-6mnb8
23.2,True,face-recognition-5-deployment-59c5b6cb76-6mnb8
23.2,True,face-recognition-5-deployment-59c5b6cb76-6mnb8
23.2,True,face-recognition-5-deployment-59c5b6cb76-6mnb8
23.2,True,face-recognition-5-deployment-59c5b6cb76-6mnb8
23.2,True,face-recognition-5-deployment-59c5b6cb76-6mnb8
23.2,True,face-recognition-5-deployment-59c5b6cb76-6mnb8
23.2,True,face-recognition-5-deployment-59c5b6cb76-6mnb8
23.2,True,face-recognition-5-deployment-59c5b6cb76-6mnb8
23.2,True,face-recognition-5-deployment-59c5b6cb76-6mnb8
23.2,True,face-recognition-5-deployment-59c5b6cb76-6mnb8
23.2,True,face-recognition-5-deployment-59c5b6cb76-6mnb8
23.2,True,face-recognition-5-deployment-59c5b6cb76-6mnb8
23.2,True,face-recognition-5-deployment-59c5b6cb76-6mnb8
23.2,True,face-recognition-5-deployment-59c5b6cb76-6mnb8
23.2,True,face-recognition-5-deployment-59c5b6cb76-6mnb8
23.2,True,face-recognition-5-deployment-59c5b6cb76-6mnb8
23.2,True,face-recognition-5-deployment-59c5b6cb76-6mnb8
23.2,True,face-recognition-5-deployment-59c5b6cb76-6mnb8
23.2,True,face-recognition-5-deployment-59c5b6cb76-6mnb8
23.08,True,face-recognition-5-deployment-59c5b6cb76-6mnb8
23.08,True,face-recognition-5-deployment-59c5b6cb76-6mnb8
23.08,True,face-recognition-5-deployment-59c5b6cb76-6mnb8
23.08,True,face-recognition-5-deployment-59c5b6cb76-6mnb8
23.08,True,face-recognition-5-deployment-59c5b6cb76-6mnb8
23.08,True,face-recognition-5-deployment-59c5b6cb76-6mnb8
23.08,True,face-recognition-5-deployment-59c5b6cb76-6mnb8
23.08,True,face-recognition-5-deployment-59c5b6cb76-6mnb8
23.08,True,face-recognition-5-deployment-59c5b6cb76-6mnb8
23.08,True,face-recognition-5-deployment-59c5b6cb76-6mnb8
23.08,True,face-recognition-5-deployment-59c5b6cb76-6mnb8
23.08,True,face-recognition-5-deployment-59c5b6cb76-6mnb8
23.08,True,face-recognition-5-deployment-59c5b6cb76-6mnb8
23.08,True,face-recognition-5-deployment-59c5b6cb76-6mnb8
23.08,True,face-recognition-5-deployment-59c5b6cb76-6mnb8
23.08,True,face-recognition-5-deployment-59c5b6cb76-6mnb8
23.08,True,face-recognition-5-deployment-59c5b6cb76-6mnb8
23.08,True,face-recognition-5-deployment-59c5b6cb76-6mnb8
23.08,True,face-recognition-5-deployment-59c5b6cb76-6mnb8
23.08,True,face-recognition-5-deployment-59c5b6cb76-6mnb8
23.08,True,face-recognition-5-deployment-59c5b6cb76-6mnb8
23.08,True,face-recognition-5-deployment-59c5b6cb76-6mnb8
23.08,True,face-recognition-5-deployment-59c5b6cb76-6mnb8
23.08,True,face-recognition-5-deployment-59c5b6cb76-6mnb8
23.08,True,face-recognition-5-deployment-59c5b6cb76-6mnb8
23.08,True,face-recognition-5-deployment-59c5b6cb76-6mnb8
23.08,True,face-recognition-5-deployment-59c5b6cb76-6mnb8
23.08,True,face-recognition-5-deployment-59c5b6cb76-6mnb8
23.08,True,face-recognition-5-deployment-59c5b6cb76-6mnb8
23.08,True,face-recognition-5-deployment-59c5b6cb76-6mnb8
27.98,True,face-recognition-5-deployment-59c5b6cb76-6mnb8
27.98,True,face-recognition-5-deployment-59c5b6cb76-6mnb8
27.98,True,face-recognition-5-deployment-59c5b6cb76-6mnb8
27.98,True,face-recognition-5-deployment-59c5b6cb76-6mnb8
27.98,True,face-recognition-5-deployment-59c5b6cb76-6mnb8
27.98,True,face-recognition-5-deployment-59c5b6cb76-6mnb8
27.98,True,face-recognition-5-deployment-59c5b6cb76-6mnb8
27.98,True,face-recognition-5-deployment-59c5b6cb76-6mnb8
27.98,True,face-recognition-5-deployment-59c5b6cb76-6mnb8
27.98,True,face-recognition-5-deployment-59c5b6cb76-6mnb8
27.98,True,face-recognition-5-deployment-59c5b6cb76-6mnb8
27.98,True,face-recognition-5-deployment-59c5b6cb76-6mnb8
27.98,True,face-recognition-5-deployment-59c5b6cb76-6mnb8
27.98,True,face-recognition-5-deployment-59c5b6cb76-6mnb8
27.98,True,face-recognition-5-deployment-59c5b6cb76-6mnb8
27.98,True,face-recognition-5-deployment-59c5b6cb76-6mnb8
27.98,True,face-recognition-5-deployment-59c5b6cb76-6mnb8
27.98,True,face-recognition-5-deployment-59c5b6cb76-6mnb8
27.98,True,face-recognition-5-deployment-59c5b6cb76-6mnb8
27.98,True,face-recognition-5-deployment-59c5b6cb76-6mnb8
27.98,True,face-recognition-5-deployment-59c5b6cb76-6mnb8
27.98,True,face-recognition-5-deployment-59c5b6cb76-6mnb8
27.98,True,face-recognition-5-deployment-59c5b6cb76-6mnb8
27.98,True,face-recognition-5-deployment-59c5b6cb76-6mnb8
23.34,True,face-recognition-5-deployment-59c5b6cb76-6mnb8
23.34,True,face-recognition-5-deployment-59c5b6cb76-6mnb8
23.34,True,face-recognition-5-deployment-59c5b6cb76-6mnb8
23.34,True,face-recognition-5-deployment-59c5b6cb76-6mnb8
23.34,True,face-recognition-5-deployment-59c5b6cb76-6mnb8
23.34,True,face-recognition-5-deployment-59c5b6cb76-6mnb8
23.34,True,face-recognition-5-deployment-59c5b6cb76-6mnb8
23.34,True,face-recognition-5-deployment-59c5b6cb76-6mnb8
23.34,True,face-recognition-5-deployment-59c5b6cb76-6mnb8
23.34,True,face-recognition-5-deployment-59c5b6cb76-6mnb8
23.34,True,face-recognition-5-deployment-59c5b6cb76-6mnb8
23.34,True,face-recognition-5-deployment-59c5b6cb76-6mnb8
23.34,True,face-recognition-5-deployment-59c5b6cb76-6mnb8
23.34,True,face-recognition-5-deployment-59c5b6cb76-6mnb8
23.34,True,face-recognition-5-deployment-59c5b6cb76-6mnb8
23.34,True,face-recognition-5-deployment-59c5b6cb76-6mnb8
23.34,True,face-recognition-5-deployment-59c5b6cb76-6mnb8
23.34,True,face-recognition-5-deployment-59c5b6cb76-6mnb8
23.34,True,face-recognition-5-deployment-59c5b6cb76-6mnb8
23.34,True,face-recognition-5-deployment-59c5b6cb76-6mnb8
23.34,True,face-recognition-5-deployment-59c5b6cb76-6mnb8
23.34,True,face-recognition-5-deployment-59c5b6cb76-6mnb8
23.34,True,face-recognition-5-deployment-59c5b6cb76-6mnb8
23.34,True,face-recognition-5-deployment-59c5b6cb76-6mnb8
23.04,True,face-recognition-5-deployment-59c5b6cb76-6mnb8
23.04,True,face-recognition-5-deployment-59c5b6cb76-6mnb8
23.04,True,face-recognition-5-deployment-59c5b6cb76-6mnb8
23.04,True,face-recognition-5-deployment-59c5b6cb76-6mnb8
23.04,True,face-recognition-5-deployment-59c5b6cb76-6mnb8
23.04,True,face-recognition-5-deployment-59c5b6cb76-6mnb8
23.04,True,face-recognition-5-deployment-59c5b6cb76-6mnb8
23.04,True,face-recognition-5-deployment-59c5b6cb76-6mnb8
23.04,True,face-recognition-5-deployment-59c5b6cb76-6mnb8
23.04,True,face-recognition-5-deployment-59c5b6cb76-6mnb8
23.04,True,face-recognition-5-deployment-59c5b6cb76-6mnb8
23.04,True,face-recognition-5-deployment-59c5b6cb76-6mnb8
23.04,True,face-recognition-5-deployment-59c5b6cb76-6mnb8
23.04,True,face-recognition-5-deployment-59c5b6cb76-6mnb8
23.04,True,face-recognition-5-deployment-59c5b6cb76-6mnb8
23.04,True,face-recognition-5-deployment-59c5b6cb76-6mnb8
23.04,True,face-recognition-5-deployment-59c5b6cb76-6mnb8
23.04,True,face-recognition-5-deployment-59c5b6cb76-6mnb8
23.04,True,face-recognition-5-deployment-59c5b6cb76-6mnb8
23.04,True,face-recognition-5-deployment-59c5b6cb76-6mnb8
23.04,True,face-recognition-5-deployment-59c5b6cb76-6mnb8
23.04,True,face-recognition-5-deployment-59c5b6cb76-6mnb8
23.04,True,face-recognition-5-deployment-59c5b6cb76-6mnb8
23.04,True,face-recognition-5-deployment-59c5b6cb76-6mnb8
23.12,True,face-recognition-5-deployment-59c5b6cb76-6mnb8
23.12,True,face-recognition-5-deployment-59c5b6cb76-6mnb8
23.12,True,face-recognition-5-deployment-59c5b6cb76-6mnb8
23.12,True,face-recognition-5-deployment-59c5b6cb76-6mnb8
23.12,True,face-recognition-5-deployment-59c5b6cb76-6mnb8
23.12,True,face-recognition-5-deployment-59c5b6cb76-6mnb8
23.12,True,face-recognition-5-deployment-59c5b6cb76-6mnb8
23.12,True,face-recognition-5-deployment-59c5b6cb76-6mnb8
23.12,True,face-recognition-5-deployment-59c5b6cb76-6mnb8
23.12,True,face-recognition-5-deployment-59c5b6cb76-6mnb8
23.12,True,face-recognition-5-deployment-59c5b6cb76-6mnb8
23.12,True,face-recognition-5-deployment-59c5b6cb76-6mnb8
23.12,True,face-recognition-5-deployment-59c5b6cb76-6mnb8
23.12,True,face-recognition-5-deployment-59c5b6cb76-6mnb8
23.12,True,face-recognition-5-deployment-59c5b6cb76-6mnb8
23.12,True,face-recognition-5-deployment-59c5b6cb76-6mnb8
23.12,True,face-recognition-5-deployment-59c5b6cb76-6mnb8
23.12,True,face-recognition-5-deployment-59c5b6cb76-6mnb8
23.12,True,face-recognition-5-deployment-59c5b6cb76-6mnb8
23.12,True,face-recognition-5-deployment-59c5b6cb76-6mnb8
23.12,True,face-recognition-5-deployment-59c5b6cb76-6mnb8
23.12,True,face-recognition-5-deployment-59c5b6cb76-6mnb8
23.12,True,face-recognition-5-deployment-59c5b6cb76-6mnb8
23.12,True,face-recognition-5-deployment-59c5b6cb76-6mnb8
23.23,True,face-recognition-5-deployment-59c5b6cb76-6mnb8
23.23,True,face-recognition-5-deployment-59c5b6cb76-6mnb8
23.23,True,face-recognition-5-deployment-59c5b6cb76-6mnb8
23.23,True,face-recognition-5-deployment-59c5b6cb76-6mnb8
23.23,True,face-recognition-5-deployment-59c5b6cb76-6mnb8
23.23,True,face-recognition-5-deployment-59c5b6cb76-6mnb8
23.23,True,face-recognition-5-deployment-59c5b6cb76-6mnb8
23.23,True,face-recognition-5-deployment-59c5b6cb76-6mnb8
23.23,True,face-recognition-5-deployment-59c5b6cb76-6mnb8
23.23,True,face-recognition-5-deployment-59c5b6cb76-6mnb8
23.23,True,face-recognition-5-deployment-59c5b6cb76-6mnb8
23.23,True,face-recognition-5-deployment-59c5b6cb76-6mnb8
23.23,True,face-recognition-5-deployment-59c5b6cb76-6mnb8
23.23,True,face-recognition-5-deployment-59c5b6cb76-6mnb8
23.23,True,face-recognition-5-deployment-59c5b6cb76-6mnb8
23.23,True,face-recognition-5-deployment-59c5b6cb76-6mnb8
23.23,True,face-recognition-5-deployment-59c5b6cb76-6mnb8
23.23,True,face-recognition-5-deployment-59c5b6cb76-6mnb8
23.23,True,face-recognition-5-deployment-59c5b6cb76-6mnb8
23.23,True,face-recognition-5-deployment-59c5b6cb76-6mnb8
23.23,True,face-recognition-5-deployment-59c5b6cb76-6mnb8
23.23,True,face-recognition-5-deployment-59c5b6cb76-6mnb8
23.23,True,face-recognition-5-deployment-59c5b6cb76-6mnb8
23.23,True,face-recognition-5-deployment-59c5b6cb76-6mnb8
22.13,True,face-recognition-5-deployment-59c5b6cb76-6mnb8
22.13,True,face-recognition-5-deployment-59c5b6cb76-6mnb8
22.13,True,face-recognition-5-deployment-59c5b6cb76-6mnb8
22.13,True,face-recognition-5-deployment-59c5b6cb76-6mnb8
22.13,True,face-recognition-5-deployment-59c5b6cb76-6mnb8
22.13,True,face-recognition-5-deployment-59c5b6cb76-6mnb8
22.13,True,face-recognition-5-deployment-59c5b6cb76-6mnb8
22.13,True,face-recognition-5-deployment-59c5b6cb76-6mnb8
22.13,True,face-recognition-5-deployment-59c5b6cb76-6mnb8
22.13,True,face-recognition-5-deployment-59c5b6cb76-6mnb8
22.13,True,face-recognition-5-deployment-59c5b6cb76-6mnb8
22.13,True,face-recognition-5-deployment-59c5b6cb76-6mnb8
22.13,True,face-recognition-5-deployment-59c5b6cb76-6mnb8
22.13,True,face-recognition-5-deployment-59c5b6cb76-6mnb8
22.13,True,face-recognition-5-deployment-59c5b6cb76-6mnb8
22.13,True,face-recognition-5-deployment-59c5b6cb76-6mnb8
22.13,True,face-recognition-5-deployment-59c5b6cb76-6mnb8
22.13,True,face-recognition-5-deployment-59c5b6cb76-6mnb8
22.13,True,face-recognition-5-deployment-59c5b6cb76-6mnb8
22.13,True,face-recognition-5-deployment-59c5b6cb76-6mnb8
22.13,True,face-recognition-5-deployment-59c5b6cb76-6mnb8
22.13,True,face-recognition-5-deployment-59c5b6cb76-6mnb8
22.13,True,face-recognition-5-deployment-59c5b6cb76-6mnb8
22.13,True,face-recognition-5-deployment-59c5b6cb76-6mnb8
23.15,True,face-recognition-5-deployment-59c5b6cb76-6mnb8
23.15,True,face-recognition-5-deployment-59c5b6cb76-6mnb8
23.15,True,face-recognition-5-deployment-59c5b6cb76-6mnb8
23.15,True,face-recognition-5-deployment-59c5b6cb76-6mnb8
23.15,True,face-recognition-5-deployment-59c5b6cb76-6mnb8
23.15,True,face-recognition-5-deployment-59c5b6cb76-6mnb8
23.15,True,face-recognition-5-deployment-59c5b6cb76-6mnb8
23.15,True,face-recognition-5-deployment-59c5b6cb76-6mnb8
23.15,True,face-recognition-5-deployment-59c5b6cb76-6mnb8
23.15,True,face-recognition-5-deployment-59c5b6cb76-6mnb8
23.15,True,face-recognition-5-deployment-59c5b6cb76-6mnb8
23.15,True,face-recognition-5-deployment-59c5b6cb76-6mnb8
23.15,True,face-recognition-5-deployment-59c5b6cb76-6mnb8
23.15,True,face-recognition-5-deployment-59c5b6cb76-6mnb8
23.15,True,face-recognition-5-deployment-59c5b6cb76-6mnb8
23.15,True,face-recognition-5-deployment-59c5b6cb76-6mnb8
23.15,True,face-recognition-5-deployment-59c5b6cb76-6mnb8
23.15,True,face-recognition-5-deployment-59c5b6cb76-6mnb8
23.15,True,face-recognition-5-deployment-59c5b6cb76-6mnb8
23.15,True,face-recognition-5-deployment-59c5b6cb76-6mnb8
23.15,True,face-recognition-5-deployment-59c5b6cb76-6mnb8
23.15,True,face-recognition-5-deployment-59c5b6cb76-6mnb8
23.15,True,face-recognition-5-deployment-59c5b6cb76-6mnb8
23.15,True,face-recognition-5-deployment-59c5b6cb76-6mnb8
23.2,True,face-recognition-5-deployment-59c5b6cb76-6mnb8
23.2,True,face-recognition-5-deployment-59c5b6cb76-6mnb8
23.2,True,face-recognition-5-deployment-59c5b6cb76-6mnb8
23.2,True,face-recognition-5-deployment-59c5b6cb76-6mnb8
23.2,True,face-recognition-5-deployment-59c5b6cb76-6mnb8
23.2,True,face-recognition-5-deployment-59c5b6cb76-6mnb8
23.2,True,face-recognition-5-deployment-59c5b6cb76-6mnb8
23.2,True,face-recognition-5-deployment-59c5b6cb76-6mnb8
23.2,True,face-recognition-5-deployment-59c5b6cb76-6mnb8
23.2,True,face-recognition-5-deployment-59c5b6cb76-6mnb8
23.2,True,face-recognition-5-deployment-59c5b6cb76-6mnb8
23.2,True,face-recognition-5-deployment-59c5b6cb76-6mnb8
23.2,True,face-recognition-5-deployment-59c5b6cb76-6mnb8
23.2,True,face-recognition-5-deployment-59c5b6cb76-6mnb8
23.2,True,face-recognition-5-deployment-59c5b6cb76-6mnb8
23.2,True,face-recognition-5-deployment-59c5b6cb76-6mnb8
23.2,True,face-recognition-5-deployment-59c5b6cb76-6mnb8
23.2,True,face-recognition-5-deployment-59c5b6cb76-6mnb8
23.2,True,face-recognition-5-deployment-59c5b6cb76-6mnb8
23.2,True,face-recognition-5-deployment-59c5b6cb76-6mnb8
23.2,True,face-recognition-5-deployment-59c5b6cb76-6mnb8
23.2,True,face-recognition-5-deployment-59c5b6cb76-6mnb8
23.2,True,face-recognition-5-deployment-59c5b6cb76-6mnb8
23.2,True,face-recognition-5-deployment-59c5b6cb76-6mnb8
23.03,True,face-recognition-5-deployment-59c5b6cb76-6mnb8
23.03,True,face-recognition-5-deployment-59c5b6cb76-6mnb8
23.03,True,face-recognition-5-deployment-59c5b6cb76-6mnb8
23.03,True,face-recognition-5-deployment-59c5b6cb76-6mnb8
23.03,True,face-recognition-5-deployment-59c5b6cb76-6mnb8
23.03,True,face-recognition-5-deployment-59c5b6cb76-6mnb8
23.03,True,face-recognition-5-deployment-59c5b6cb76-6mnb8
23.03,True,face-recognition-5-deployment-59c5b6cb76-6mnb8
23.03,True,face-recognition-5-deployment-59c5b6cb76-6mnb8
23.03,True,face-recognition-5-deployment-59c5b6cb76-6mnb8
23.03,True,face-recognition-5-deployment-59c5b6cb76-6mnb8
23.03,True,face-recognition-5-deployment-59c5b6cb76-6mnb8
23.03,True,face-recognition-5-deployment-59c5b6cb76-6mnb8
23.03,True,face-recognition-5-deployment-59c5b6cb76-6mnb8
23.03,True,face-recognition-5-deployment-59c5b6cb76-6mnb8
23.03,True,face-recognition-5-deployment-59c5b6cb76-6mnb8
23.03,True,face-recognition-5-deployment-59c5b6cb76-6mnb8
23.03,True,face-recognition-5-deployment-59c5b6cb76-6mnb8
23.03,True,face-recognition-5-deployment-59c5b6cb76-6mnb8
23.03,True,face-recognition-5-deployment-59c5b6cb76-6mnb8
23.03,True,face-recognition-5-deployment-59c5b6cb76-6mnb8
23.03,True,face-recognition-5-deployment-59c5b6cb76-6mnb8
23.03,True,face-recognition-5-deployment-59c5b6cb76-6mnb8
23.03,True,face-recognition-5-deployment-59c5b6cb76-6mnb8
23.03,True,face-recognition-5-deployment-59c5b6cb76-6mnb8
23.03,True,face-recognition-5-deployment-59c5b6cb76-6mnb8
24.82,True,face-recognition-5-deployment-59c5b6cb76-6mnb8
24.82,True,face-recognition-5-deployment-59c5b6cb76-6mnb8
24.82,True,face-recognition-5-deployment-59c5b6cb76-6mnb8
24.82,True,face-recognition-5-deployment-59c5b6cb76-6mnb8
24.82,True,face-recognition-5-deployment-59c5b6cb76-6mnb8
24.82,True,face-recognition-5-deployment-59c5b6cb76-6mnb8
24.82,True,face-recognition-5-deployment-59c5b6cb76-6mnb8
24.82,True,face-recognition-5-deployment-59c5b6cb76-6mnb8
24.82,True,face-recognition-5-deployment-59c5b6cb76-6mnb8
24.82,True,face-recognition-5-deployment-59c5b6cb76-6mnb8
24.82,True,face-recognition-5-deployment-59c5b6cb76-6mnb8
24.82,True,face-recognition-5-deployment-59c5b6cb76-6mnb8
24.82,True,face-recognition-5-deployment-59c5b6cb76-6mnb8
24.82,True,face-recognition-5-deployment-59c5b6cb76-6mnb8
24.82,True,face-recognition-5-deployment-59c5b6cb76-6mnb8
24.82,True,face-recognition-5-deployment-59c5b6cb76-6mnb8
24.82,True,face-recognition-5-deployment-59c5b6cb76-6mnb8
24.82,True,face-recognition-5-deployment-59c5b6cb76-6mnb8
24.82,True,face-recognition-5-deployment-59c5b6cb76-6mnb8
24.82,True,face-recognition-5-deployment-59c5b6cb76-6mnb8
24.82,True,face-recognition-5-deployment-59c5b6cb76-6mnb8
24.82,True,face-recognition-5-deployment-59c5b6cb76-6mnb8
24.82,True,face-recognition-5-deployment-59c5b6cb76-6mnb8
24.82,True,face-recognition-5-deployment-59c5b6cb76-6mnb8
22.94,True,face-recognition-5-deployment-59c5b6cb76-6mnb8
22.94,True,face-recognition-5-deployment-59c5b6cb76-6mnb8
22.94,True,face-recognition-5-deployment-59c5b6cb76-6mnb8
22.94,True,face-recognition-5-deployment-59c5b6cb76-6mnb8
22.94,True,face-recognition-5-deployment-59c5b6cb76-6mnb8
22.94,True,face-recognition-5-deployment-59c5b6cb76-6mnb8
22.94,True,face-recognition-5-deployment-59c5b6cb76-6mnb8
22.94,True,face-recognition-5-deployment-59c5b6cb76-6mnb8
22.94,True,face-recognition-5-deployment-59c5b6cb76-6mnb8
22.94,True,face-recognition-5-deployment-59c5b6cb76-6mnb8
22.94,True,face-recognition-5-deployment-59c5b6cb76-6mnb8
22.94,True,face-recognition-5-deployment-59c5b6cb76-6mnb8
22.94,True,face-recognition-5-deployment-59c5b6cb76-6mnb8
22.94,True,face-recognition-5-deployment-59c5b6cb76-6mnb8
22.94,True,face-recognition-5-deployment-59c5b6cb76-6mnb8
22.94,True,face-recognition-5-deployment-59c5b6cb76-6mnb8
22.94,True,face-recognition-5-deployment-59c5b6cb76-6mnb8
22.94,True,face-recognition-5-deployment-59c5b6cb76-6mnb8
22.94,True,face-recognition-5-deployment-59c5b6cb76-6mnb8
22.94,True,face-recognition-5-deployment-59c5b6cb76-6mnb8
22.94,True,face-recognition-5-deployment-59c5b6cb76-6mnb8
22.94,True,face-recognition-5-deployment-59c5b6cb76-6mnb8
22.94,True,face-recognition-5-deployment-59c5b6cb76-6mnb8
22.94,True,face-recognition-5-deployment-59c5b6cb76-6mnb8
22.99,True,face-recognition-5-deployment-59c5b6cb76-6mnb8
22.99,True,face-recognition-5-deployment-59c5b6cb76-6mnb8
22.99,True,face-recognition-5-deployment-59c5b6cb76-6mnb8
22.99,True,face-recognition-5-deployment-59c5b6cb76-6mnb8
22.99,True,face-recognition-5-deployment-59c5b6cb76-6mnb8
22.99,True,face-recognition-5-deployment-59c5b6cb76-6mnb8
22.99,True,face-recognition-5-deployment-59c5b6cb76-6mnb8
22.99,True,face-recognition-5-deployment-59c5b6cb76-6mnb8
22.99,True,face-recognition-5-deployment-59c5b6cb76-6mnb8
22.99,True,face-recognition-5-deployment-59c5b6cb76-6mnb8
22.99,True,face-recognition-5-deployment-59c5b6cb76-6mnb8
22.99,True,face-recognition-5-deployment-59c5b6cb76-6mnb8
22.99,True,face-recognition-5-deployment-59c5b6cb76-6mnb8
22.99,True,face-recognition-5-deployment-59c5b6cb76-6mnb8
22.99,True,face-recognition-5-deployment-59c5b6cb76-6mnb8
22.99,True,face-recognition-5-deployment-59c5b6cb76-6mnb8
22.99,True,face-recognition-5-deployment-59c5b6cb76-6mnb8
22.99,True,face-recognition-5-deployment-59c5b6cb76-6mnb8
22.99,True,face-recognition-5-deployment-59c5b6cb76-6mnb8
22.99,True,face-recognition-5-deployment-59c5b6cb76-6mnb8
22.99,True,face-recognition-5-deployment-59c5b6cb76-6mnb8
22.99,True,face-recognition-5-deployment-59c5b6cb76-6mnb8
22.99,True,face-recognition-5-deployment-59c5b6cb76-6mnb8
22.99,True,face-recognition-5-deployment-59c5b6cb76-6mnb8
22.99,True,face-recognition-5-deployment-59c5b6cb76-6mnb8
22.99,True,face-recognition-5-deployment-59c5b6cb76-6mnb8
22.99,True,face-recognition-5-deployment-59c5b6cb76-6mnb8
22.99,True,face-recognition-5-deployment-59c5b6cb76-6mnb8
22.99,True,face-recognition-5-deployment-59c5b6cb76-6mnb8
22.99,True,face-recognition-5-deployment-59c5b6cb76-6mnb8
22.99,True,face-recognition-5-deployment-59c5b6cb76-6mnb8
22.99,True,face-recognition-5-deployment-59c5b6cb76-6mnb8
22.99,True,face-recognition-5-deployment-59c5b6cb76-6mnb8
22.99,True,face-recognition-5-deployment-59c5b6cb76-6mnb8
22.99,True,face-recognition-5-deployment-59c5b6cb76-6mnb8
22.99,True,face-recognition-5-deployment-59c5b6cb76-6mnb8
22.99,True,face-recognition-5-deployment-59c5b6cb76-6mnb8
22.99,True,face-recognition-5-deployment-59c5b6cb76-6mnb8
22.99,True,face-recognition-5-deployment-59c5b6cb76-6mnb8
22.99,True,face-recognition-5-deployment-59c5b6cb76-6mnb8
22.99,True,face-recognition-5-deployment-59c5b6cb76-6mnb8
22.99,True,face-recognition-5-deployment-59c5b6cb76-6mnb8
22.99,True,face-recognition-5-deployment-59c5b6cb76-6mnb8
22.99,True,face-recognition-5-deployment-59c5b6cb76-6mnb8
22.99,True,face-recognition-5-deployment-59c5b6cb76-6mnb8
22.99,True,face-recognition-5-deployment-59c5b6cb76-6mnb8
22.99,True,face-recognition-5-deployment-59c5b6cb76-6mnb8
22.99,True,face-recognition-5-deployment-59c5b6cb76-6mnb8
23.0,True,face-recognition-5-deployment-59c5b6cb76-6mnb8
23.0,True,face-recognition-5-deployment-59c5b6cb76-6mnb8
23.0,True,face-recognition-5-deployment-59c5b6cb76-6mnb8
23.0,True,face-recognition-5-deployment-59c5b6cb76-6mnb8
23.0,True,face-recognition-5-deployment-59c5b6cb76-6mnb8
23.0,True,face-recognition-5-deployment-59c5b6cb76-6mnb8
23.0,True,face-recognition-5-deployment-59c5b6cb76-6mnb8
23.0,True,face-recognition-5-deployment-59c5b6cb76-6mnb8
23.0,True,face-recognition-5-deployment-59c5b6cb76-6mnb8
23.0,True,face-recognition-5-deployment-59c5b6cb76-6mnb8
23.0,True,face-recognition-5-deployment-59c5b6cb76-6mnb8
23.0,True,face-recognition-5-deployment-59c5b6cb76-6mnb8
23.0,True,face-recognition-5-deployment-59c5b6cb76-6mnb8
23.0,True,face-recognition-5-deployment-59c5b6cb76-6mnb8
23.0,True,face-recognition-5-deployment-59c5b6cb76-6mnb8
23.0,True,face-recognition-5-deployment-59c5b6cb76-6mnb8
23.0,True,face-recognition-5-deployment-59c5b6cb76-6mnb8
23.0,True,face-recognition-5-deployment-59c5b6cb76-6mnb8
23.0,True,face-recognition-5-deployment-59c5b6cb76-6mnb8
23.0,True,face-recognition-5-deployment-59c5b6cb76-6mnb8
23.0,True,face-recognition-5-deployment-59c5b6cb76-6mnb8
23.0,True,face-recognition-5-deployment-59c5b6cb76-6mnb8
23.0,True,face-recognition-5-deployment-59c5b6cb76-6mnb8
23.0,True,face-recognition-5-deployment-59c5b6cb76-6mnb8
22.61,True,face-recognition-5-deployment-59c5b6cb76-6mnb8
22.61,True,face-recognition-5-deployment-59c5b6cb76-6mnb8
22.61,True,face-recognition-5-deployment-59c5b6cb76-6mnb8
22.61,True,face-recognition-5-deployment-59c5b6cb76-6mnb8
22.61,True,face-recognition-5-deployment-59c5b6cb76-6mnb8
22.61,True,face-recognition-5-deployment-59c5b6cb76-6mnb8
22.61,True,face-recognition-5-deployment-59c5b6cb76-6mnb8
22.61,True,face-recognition-5-deployment-59c5b6cb76-6mnb8
22.61,True,face-recognition-5-deployment-59c5b6cb76-6mnb8
22.61,True,face-recognition-5-deployment-59c5b6cb76-6mnb8
22.61,True,face-recognition-5-deployment-59c5b6cb76-6mnb8
22.61,True,face-recognition-5-deployment-59c5b6cb76-6mnb8
22.61,True,face-recognition-5-deployment-59c5b6cb76-6mnb8
22.61,True,face-recognition-5-deployment-59c5b6cb76-6mnb8
22.61,True,face-recognition-5-deployment-59c5b6cb76-6mnb8
22.61,True,face-recognition-5-deployment-59c5b6cb76-6mnb8
22.61,True,face-recognition-5-deployment-59c5b6cb76-6mnb8
22.61,True,face-recognition-5-deployment-59c5b6cb76-6mnb8
22.61,True,face-recognition-5-deployment-59c5b6cb76-6mnb8
22.61,True,face-recognition-5-deployment-59c5b6cb76-6mnb8
22.61,True,face-recognition-5-deployment-59c5b6cb76-6mnb8
22.61,True,face-recognition-5-deployment-59c5b6cb76-6mnb8
22.61,True,face-recognition-5-deployment-59c5b6cb76-6mnb8
22.61,True,face-recognition-5-deployment-59c5b6cb76-6mnb8
22.86,True,face-recognition-5-deployment-59c5b6cb76-6mnb8
22.86,True,face-recognition-5-deployment-59c5b6cb76-6mnb8
22.86,True,face-recognition-5-deployment-59c5b6cb76-6mnb8
22.86,True,face-recognition-5-deployment-59c5b6cb76-6mnb8
22.86,True,face-recognition-5-deployment-59c5b6cb76-6mnb8
22.86,True,face-recognition-5-deployment-59c5b6cb76-6mnb8
22.86,True,face-recognition-5-deployment-59c5b6cb76-6mnb8
22.86,True,face-recognition-5-deployment-59c5b6cb76-6mnb8
22.86,True,face-recognition-5-deployment-59c5b6cb76-6mnb8
22.86,True,face-recognition-5-deployment-59c5b6cb76-6mnb8
22.86,True,face-recognition-5-deployment-59c5b6cb76-6mnb8
22.86,True,face-recognition-5-deployment-59c5b6cb76-6mnb8
22.86,True,face-recognition-5-deployment-59c5b6cb76-6mnb8
22.86,True,face-recognition-5-deployment-59c5b6cb76-6mnb8
22.86,True,face-recognition-5-deployment-59c5b6cb76-6mnb8
22.86,True,face-recognition-5-deployment-59c5b6cb76-6mnb8
22.86,True,face-recognition-5-deployment-59c5b6cb76-6mnb8
22.86,True,face-recognition-5-deployment-59c5b6cb76-6mnb8
22.86,True,face-recognition-5-deployment-59c5b6cb76-6mnb8
22.86,True,face-recognition-5-deployment-59c5b6cb76-6mnb8
22.86,True,face-recognition-5-deployment-59c5b6cb76-6mnb8
22.86,True,face-recognition-5-deployment-59c5b6cb76-6mnb8
22.86,True,face-recognition-5-deployment-59c5b6cb76-6mnb8
22.86,True,face-recognition-5-deployment-59c5b6cb76-6mnb8
23.17,True,face-recognition-5-deployment-59c5b6cb76-6mnb8
23.17,True,face-recognition-5-deployment-59c5b6cb76-6mnb8
23.17,True,face-recognition-5-deployment-59c5b6cb76-6mnb8
23.17,True,face-recognition-5-deployment-59c5b6cb76-6mnb8
23.17,True,face-recognition-5-deployment-59c5b6cb76-6mnb8
23.17,True,face-recognition-5-deployment-59c5b6cb76-6mnb8
23.17,True,face-recognition-5-deployment-59c5b6cb76-6mnb8
23.17,True,face-recognition-5-deployment-59c5b6cb76-6mnb8
23.17,True,face-recognition-5-deployment-59c5b6cb76-6mnb8
23.17,True,face-recognition-5-deployment-59c5b6cb76-6mnb8
23.17,False,face-recognition-5-deployment-59c5b6cb76-6mnb8
23.17,False,face-recognition-5-deployment-59c5b6cb76-6mnb8
23.17,False,face-recognition-5-deployment-59c5b6cb76-6mnb8
23.17,False,face-recognition-5-deployment-59c5b6cb76-6mnb8
23.17,True,face-recognition-5-deployment-59c5b6cb76-6mnb8
23.17,True,face-recognition-5-deployment-59c5b6cb76-6mnb8
23.17,False,face-recognition-5-deployment-59c5b6cb76-6mnb8
23.17,False,face-recognition-5-deployment-59c5b6cb76-6mnb8
23.17,True,face-recognition-5-deployment-59c5b6cb76-6mnb8
23.17,True,face-recognition-5-deployment-59c5b6cb76-6mnb8
23.17,True,face-recognition-5-deployment-59c5b6cb76-6mnb8
23.17,True,face-recognition-5-deployment-59c5b6cb76-6mnb8
23.17,True,face-recognition-5-deployment-59c5b6cb76-6mnb8
23.17,True,face-recognition-5-deployment-59c5b6cb76-6mnb8
23.22,True,face-recognition-5-deployment-59c5b6cb76-6mnb8
23.22,True,face-recognition-5-deployment-59c5b6cb76-6mnb8
23.22,True,face-recognition-5-deployment-59c5b6cb76-6mnb8
23.22,True,face-recognition-5-deployment-59c5b6cb76-6mnb8
23.22,True,face-recognition-5-deployment-59c5b6cb76-6mnb8
23.22,True,face-recognition-5-deployment-59c5b6cb76-6mnb8
23.22,True,face-recognition-5-deployment-59c5b6cb76-6mnb8
23.22,True,face-recognition-5-deployment-59c5b6cb76-6mnb8
23.22,True,face-recognition-5-deployment-59c5b6cb76-6mnb8
23.22,True,face-recognition-5-deployment-59c5b6cb76-6mnb8
23.22,True,face-recognition-5-deployment-59c5b6cb76-6mnb8
23.22,True,face-recognition-5-deployment-59c5b6cb76-6mnb8
23.22,True,face-recognition-5-deployment-59c5b6cb76-6mnb8
23.22,True,face-recognition-5-deployment-59c5b6cb76-6mnb8
23.22,True,face-recognition-5-deployment-59c5b6cb76-6mnb8
23.22,True,face-recognition-5-deployment-59c5b6cb76-6mnb8
23.22,True,face-recognition-5-deployment-59c5b6cb76-6mnb8
23.22,True,face-recognition-5-deployment-59c5b6cb76-6mnb8
23.22,True,face-recognition-5-deployment-59c5b6cb76-6mnb8
23.22,True,face-recognition-5-deployment-59c5b6cb76-6mnb8
23.22,True,face-recognition-5-deployment-59c5b6cb76-6mnb8
23.22,True,face-recognition-5-deployment-59c5b6cb76-6mnb8
23.22,True,face-recognition-5-deployment-59c5b6cb76-6mnb8
23.22,True,face-recognition-5-deployment-59c5b6cb76-6mnb8
23.07,True,face-recognition-5-deployment-59c5b6cb76-6mnb8
23.07,True,face-recognition-5-deployment-59c5b6cb76-6mnb8
23.07,True,face-recognition-5-deployment-59c5b6cb76-6mnb8
23.07,True,face-recognition-5-deployment-59c5b6cb76-6mnb8
23.07,True,face-recognition-5-deployment-59c5b6cb76-6mnb8
23.07,True,face-recognition-5-deployment-59c5b6cb76-6mnb8
23.07,True,face-recognition-5-deployment-59c5b6cb76-6mnb8
23.07,True,face-recognition-5-deployment-59c5b6cb76-6mnb8
23.07,True,face-recognition-5-deployment-59c5b6cb76-6mnb8
23.07,True,face-recognition-5-deployment-59c5b6cb76-6mnb8
23.07,True,face-recognition-5-deployment-59c5b6cb76-6mnb8
23.07,True,face-recognition-5-deployment-59c5b6cb76-6mnb8
23.07,True,face-recognition-5-deployment-59c5b6cb76-6mnb8
23.07,True,face-recognition-5-deployment-59c5b6cb76-6mnb8
23.07,True,face-recognition-5-deployment-59c5b6cb76-6mnb8
23.07,True,face-recognition-5-deployment-59c5b6cb76-6mnb8
23.07,True,face-recognition-5-deployment-59c5b6cb76-6mnb8
23.07,True,face-recognition-5-deployment-59c5b6cb76-6mnb8
23.07,True,face-recognition-5-deployment-59c5b6cb76-6mnb8
23.07,True,face-recognition-5-deployment-59c5b6cb76-6mnb8
23.07,True,face-recognition-5-deployment-59c5b6cb76-6mnb8
23.07,True,face-recognition-5-deployment-59c5b6cb76-6mnb8
23.07,True,face-recognition-5-deployment-59c5b6cb76-6mnb8
23.07,True,face-recognition-5-deployment-59c5b6cb76-6mnb8
22.97,True,face-recognition-5-deployment-59c5b6cb76-6mnb8
22.97,True,face-recognition-5-deployment-59c5b6cb76-6mnb8
22.97,True,face-recognition-5-deployment-59c5b6cb76-6mnb8
22.97,True,face-recognition-5-deployment-59c5b6cb76-6mnb8
22.97,True,face-recognition-5-deployment-59c5b6cb76-6mnb8
22.97,True,face-recognition-5-deployment-59c5b6cb76-6mnb8
22.97,True,face-recognition-5-deployment-59c5b6cb76-6mnb8
22.97,True,face-recognition-5-deployment-59c5b6cb76-6mnb8
22.97,True,face-recognition-5-deployment-59c5b6cb76-6mnb8
22.97,True,face-recognition-5-deployment-59c5b6cb76-6mnb8
22.97,False,face-recognition-5-deployment-59c5b6cb76-6mnb8
22.97,False,face-recognition-5-deployment-59c5b6cb76-6mnb8
22.97,False,face-recognition-5-deployment-59c5b6cb76-6mnb8
22.97,False,face-recognition-5-deployment-59c5b6cb76-6mnb8
22.97,True,face-recognition-5-deployment-59c5b6cb76-6mnb8
22.97,True,face-recognition-5-deployment-59c5b6cb76-6mnb8
22.97,True,face-recognition-5-deployment-59c5b6cb76-6mnb8
22.97,True,face-recognition-5-deployment-59c5b6cb76-6mnb8
22.97,True,face-recognition-5-deployment-59c5b6cb76-6mnb8
22.97,True,face-recognition-5-deployment-59c5b6cb76-6mnb8
22.97,True,face-recognition-5-deployment-59c5b6cb76-6mnb8
22.97,True,face-recognition-5-deployment-59c5b6cb76-6mnb8
22.97,True,face-recognition-5-deployment-59c5b6cb76-6mnb8
22.97,True,face-recognition-5-deployment-59c5b6cb76-6mnb8
23.11,True,face-recognition-5-deployment-59c5b6cb76-6mnb8
23.11,True,face-recognition-5-deployment-59c5b6cb76-6mnb8
23.11,True,face-recognition-5-deployment-59c5b6cb76-6mnb8
23.11,True,face-recognition-5-deployment-59c5b6cb76-6mnb8
23.11,True,face-recognition-5-deployment-59c5b6cb76-6mnb8
23.11,True,face-recognition-5-deployment-59c5b6cb76-6mnb8
23.11,True,face-recognition-5-deployment-59c5b6cb76-6mnb8
23.11,True,face-recognition-5-deployment-59c5b6cb76-6mnb8
23.11,True,face-recognition-5-deployment-59c5b6cb76-6mnb8
23.11,True,face-recognition-5-deployment-59c5b6cb76-6mnb8
23.11,True,face-recognition-5-deployment-59c5b6cb76-6mnb8
23.11,True,face-recognition-5-deployment-59c5b6cb76-6mnb8
23.11,True,face-recognition-5-deployment-59c5b6cb76-6mnb8
23.11,True,face-recognition-5-deployment-59c5b6cb76-6mnb8
23.11,True,face-recognition-5-deployment-59c5b6cb76-6mnb8
23.11,True,face-recognition-5-deployment-59c5b6cb76-6mnb8
23.11,True,face-recognition-5-deployment-59c5b6cb76-6mnb8
23.11,True,face-recognition-5-deployment-59c5b6cb76-6mnb8
23.11,True,face-recognition-5-deployment-59c5b6cb76-6mnb8
23.11,True,face-recognition-5-deployment-59c5b6cb76-6mnb8
23.11,True,face-recognition-5-deployment-59c5b6cb76-6mnb8
23.11,True,face-recognition-5-deployment-59c5b6cb76-6mnb8
23.11,True,face-recognition-5-deployment-59c5b6cb76-6mnb8
23.11,True,face-recognition-5-deployment-59c5b6cb76-6mnb8
22.96,True,face-recognition-5-deployment-59c5b6cb76-6mnb8
22.96,True,face-recognition-5-deployment-59c5b6cb76-6mnb8
22.96,True,face-recognition-5-deployment-59c5b6cb76-6mnb8
22.96,True,face-recognition-5-deployment-59c5b6cb76-6mnb8
22.96,True,face-recognition-5-deployment-59c5b6cb76-6mnb8
22.96,True,face-recognition-5-deployment-59c5b6cb76-6mnb8
22.96,True,face-recognition-5-deployment-59c5b6cb76-6mnb8
22.96,True,face-recognition-5-deployment-59c5b6cb76-6mnb8
22.96,True,face-recognition-5-deployment-59c5b6cb76-6mnb8
22.96,True,face-recognition-5-deployment-59c5b6cb76-6mnb8
22.96,True,face-recognition-5-deployment-59c5b6cb76-6mnb8
22.96,True,face-recognition-5-deployment-59c5b6cb76-6mnb8
22.96,True,face-recognition-5-deployment-59c5b6cb76-6mnb8
22.96,True,face-recognition-5-deployment-59c5b6cb76-6mnb8
22.96,True,face-recognition-5-deployment-59c5b6cb76-6mnb8
22.96,True,face-recognition-5-deployment-59c5b6cb76-6mnb8
22.96,True,face-recognition-5-deployment-59c5b6cb76-6mnb8
22.96,True,face-recognition-5-deployment-59c5b6cb76-6mnb8
22.96,False,face-recognition-5-deployment-59c5b6cb76-6mnb8
22.96,False,face-recognition-5-deployment-59c5b6cb76-6mnb8
22.96,False,face-recognition-5-deployment-59c5b6cb76-6mnb8
22.96,False,face-recognition-5-deployment-59c5b6cb76-6mnb8
22.96,False,face-recognition-5-deployment-59c5b6cb76-6mnb8
22.96,False,face-recognition-5-deployment-59c5b6cb76-6mnb8
23.09,False,face-recognition-5-deployment-59c5b6cb76-6mnb8
23.09,False,face-recognition-5-deployment-59c5b6cb76-6mnb8
23.09,True,face-recognition-5-deployment-59c5b6cb76-6mnb8
23.09,True,face-recognition-5-deployment-59c5b6cb76-6mnb8
23.09,True,face-recognition-5-deployment-59c5b6cb76-6mnb8
23.09,True,face-recognition-5-deployment-59c5b6cb76-6mnb8
23.09,True,face-recognition-5-deployment-59c5b6cb76-6mnb8
23.09,True,face-recognition-5-deployment-59c5b6cb76-6mnb8
23.09,False,face-recognition-5-deployment-59c5b6cb76-6mnb8
23.09,False,face-recognition-5-deployment-59c5b6cb76-6mnb8
23.09,True,face-recognition-5-deployment-59c5b6cb76-6mnb8
23.09,True,face-recognition-5-deployment-59c5b6cb76-6mnb8
23.09,True,face-recognition-5-deployment-59c5b6cb76-6mnb8
23.09,True,face-recognition-5-deployment-59c5b6cb76-6mnb8
23.09,True,face-recognition-5-deployment-59c5b6cb76-6mnb8
23.09,True,face-recognition-5-deployment-59c5b6cb76-6mnb8
23.09,True,face-recognition-5-deployment-59c5b6cb76-6mnb8
23.09,True,face-recognition-5-deployment-59c5b6cb76-6mnb8
23.09,True,face-recognition-5-deployment-59c5b6cb76-6mnb8
23.09,True,face-recognition-5-deployment-59c5b6cb76-6mnb8
23.09,True,face-recognition-5-deployment-59c5b6cb76-6mnb8
23.09,True,face-recognition-5-deployment-59c5b6cb76-6mnb8
23.09,True,face-recognition-5-deployment-59c5b6cb76-6mnb8
23.09,True,face-recognition-5-deployment-59c5b6cb76-6mnb8
23.07,True,face-recognition-5-deployment-59c5b6cb76-6mnb8
23.07,True,face-recognition-5-deployment-59c5b6cb76-6mnb8
23.07,True,face-recognition-5-deployment-59c5b6cb76-6mnb8
23.07,True,face-recognition-5-deployment-59c5b6cb76-6mnb8
23.07,True,face-recognition-5-deployment-59c5b6cb76-6mnb8
23.07,True,face-recognition-5-deployment-59c5b6cb76-6mnb8
23.07,True,face-recognition-5-deployment-59c5b6cb76-6mnb8
23.07,True,face-recognition-5-deployment-59c5b6cb76-6mnb8
23.07,True,face-recognition-5-deployment-59c5b6cb76-6mnb8
23.07,True,face-recognition-5-deployment-59c5b6cb76-6mnb8
23.07,True,face-recognition-5-deployment-59c5b6cb76-6mnb8
23.07,True,face-recognition-5-deployment-59c5b6cb76-6mnb8
23.07,False,face-recognition-5-deployment-59c5b6cb76-6mnb8
23.07,False,face-recognition-5-deployment-59c5b6cb76-6mnb8
23.07,True,face-recognition-5-deployment-59c5b6cb76-6mnb8
23.07,True,face-recognition-5-deployment-59c5b6cb76-6mnb8
23.07,True,face-recognition-5-deployment-59c5b6cb76-6mnb8
23.07,True,face-recognition-5-deployment-59c5b6cb76-6mnb8
23.07,True,face-recognition-5-deployment-59c5b6cb76-6mnb8
23.07,True,face-recognition-5-deployment-59c5b6cb76-6mnb8
23.07,True,face-recognition-5-deployment-59c5b6cb76-6mnb8
23.07,True,face-recognition-5-deployment-59c5b6cb76-6mnb8
21.95,True,face-recognition-5-deployment-59c5b6cb76-6mnb8
21.95,True,face-recognition-5-deployment-59c5b6cb76-6mnb8
21.95,True,face-recognition-5-deployment-59c5b6cb76-6mnb8
21.95,True,face-recognition-5-deployment-59c5b6cb76-6mnb8
21.95,False,face-recognition-5-deployment-59c5b6cb76-6mnb8
21.95,False,face-recognition-5-deployment-59c5b6cb76-6mnb8
21.95,False,face-recognition-5-deployment-59c5b6cb76-6mnb8
21.95,False,face-recognition-5-deployment-59c5b6cb76-6mnb8
21.95,True,face-recognition-5-deployment-59c5b6cb76-6mnb8
21.95,True,face-recognition-5-deployment-59c5b6cb76-6mnb8
21.95,True,face-recognition-5-deployment-59c5b6cb76-6mnb8
21.95,True,face-recognition-5-deployment-59c5b6cb76-6mnb8
21.95,True,face-recognition-5-deployment-59c5b6cb76-6mnb8
21.95,True,face-recognition-5-deployment-59c5b6cb76-6mnb8
21.95,True,face-recognition-5-deployment-59c5b6cb76-6mnb8
21.95,True,face-recognition-5-deployment-59c5b6cb76-6mnb8
21.95,True,face-recognition-5-deployment-59c5b6cb76-6mnb8
21.95,True,face-recognition-5-deployment-59c5b6cb76-6mnb8
21.95,True,face-recognition-5-deployment-59c5b6cb76-6mnb8
21.95,True,face-recognition-5-deployment-59c5b6cb76-6mnb8
21.95,True,face-recognition-5-deployment-59c5b6cb76-6mnb8
21.95,True,face-recognition-5-deployment-59c5b6cb76-6mnb8
21.95,True,face-recognition-5-deployment-59c5b6cb76-6mnb8
21.95,True,face-recognition-5-deployment-59c5b6cb76-6mnb8
22.35,True,face-recognition-5-deployment-59c5b6cb76-6mnb8
22.35,True,face-recognition-5-deployment-59c5b6cb76-6mnb8
22.35,False,face-recognition-5-deployment-59c5b6cb76-6mnb8
22.35,False,face-recognition-5-deployment-59c5b6cb76-6mnb8
22.35,True,face-recognition-5-deployment-59c5b6cb76-6mnb8
22.35,True,face-recognition-5-deployment-59c5b6cb76-6mnb8
22.35,True,face-recognition-5-deployment-59c5b6cb76-6mnb8
22.35,True,face-recognition-5-deployment-59c5b6cb76-6mnb8
22.35,True,face-recognition-5-deployment-59c5b6cb76-6mnb8
22.35,True,face-recognition-5-deployment-59c5b6cb76-6mnb8
22.35,True,face-recognition-5-deployment-59c5b6cb76-6mnb8
22.35,True,face-recognition-5-deployment-59c5b6cb76-6mnb8
22.35,True,face-recognition-5-deployment-59c5b6cb76-6mnb8
22.35,True,face-recognition-5-deployment-59c5b6cb76-6mnb8
22.35,True,face-recognition-5-deployment-59c5b6cb76-6mnb8
22.35,True,face-recognition-5-deployment-59c5b6cb76-6mnb8
22.35,True,face-recognition-5-deployment-59c5b6cb76-6mnb8
22.35,True,face-recognition-5-deployment-59c5b6cb76-6mnb8
22.35,True,face-recognition-5-deployment-59c5b6cb76-6mnb8
22.35,True,face-recognition-5-deployment-59c5b6cb76-6mnb8
22.35,True,face-recognition-5-deployment-59c5b6cb76-6mnb8
22.35,True,face-recognition-5-deployment-59c5b6cb76-6mnb8
22.35,True,face-recognition-5-deployment-59c5b6cb76-6mnb8
22.35,True,face-recognition-5-deployment-59c5b6cb76-6mnb8
23.17,True,face-recognition-5-deployment-59c5b6cb76-6mnb8
23.17,True,face-recognition-5-deployment-59c5b6cb76-6mnb8
23.17,True,face-recognition-5-deployment-59c5b6cb76-6mnb8
23.17,True,face-recognition-5-deployment-59c5b6cb76-6mnb8
23.17,True,face-recognition-5-deployment-59c5b6cb76-6mnb8
23.17,True,face-recognition-5-deployment-59c5b6cb76-6mnb8
23.17,True,face-recognition-5-deployment-59c5b6cb76-6mnb8
23.17,True,face-recognition-5-deployment-59c5b6cb76-6mnb8
23.17,True,face-recognition-5-deployment-59c5b6cb76-6mnb8
23.17,True,face-recognition-5-deployment-59c5b6cb76-6mnb8
23.17,True,face-recognition-5-deployment-59c5b6cb76-6mnb8
23.17,True,face-recognition-5-deployment-59c5b6cb76-6mnb8
23.17,True,face-recognition-5-deployment-59c5b6cb76-6mnb8
23.17,True,face-recognition-5-deployment-59c5b6cb76-6mnb8
23.17,True,face-recognition-5-deployment-59c5b6cb76-6mnb8
23.17,True,face-recognition-5-deployment-59c5b6cb76-6mnb8
23.17,True,face-recognition-5-deployment-59c5b6cb76-6mnb8
23.17,True,face-recognition-5-deployment-59c5b6cb76-6mnb8
23.17,True,face-recognition-5-deployment-59c5b6cb76-6mnb8
23.17,True,face-recognition-5-deployment-59c5b6cb76-6mnb8
23.17,True,face-recognition-5-deployment-59c5b6cb76-6mnb8
23.17,True,face-recognition-5-deployment-59c5b6cb76-6mnb8
23.17,True,face-recognition-5-deployment-59c5b6cb76-6mnb8
23.17,True,face-recognition-5-deployment-59c5b6cb76-6mnb8
23.21,True,face-recognition-5-deployment-59c5b6cb76-6mnb8
23.21,True,face-recognition-5-deployment-59c5b6cb76-6mnb8
23.21,True,face-recognition-5-deployment-59c5b6cb76-6mnb8
23.21,True,face-recognition-5-deployment-59c5b6cb76-6mnb8
23.21,True,face-recognition-5-deployment-59c5b6cb76-6mnb8
23.21,True,face-recognition-5-deployment-59c5b6cb76-6mnb8
23.21,True,face-recognition-5-deployment-59c5b6cb76-6mnb8
23.21,True,face-recognition-5-deployment-59c5b6cb76-6mnb8
23.21,True,face-recognition-5-deployment-59c5b6cb76-6mnb8
23.21,True,face-recognition-5-deployment-59c5b6cb76-6mnb8
23.21,True,face-recognition-5-deployment-59c5b6cb76-6mnb8
23.21,True,face-recognition-5-deployment-59c5b6cb76-6mnb8
23.21,True,face-recognition-5-deployment-59c5b6cb76-6mnb8
23.21,True,face-recognition-5-deployment-59c5b6cb76-6mnb8
23.21,True,face-recognition-5-deployment-59c5b6cb76-6mnb8
23.21,True,face-recognition-5-deployment-59c5b6cb76-6mnb8
23.21,True,face-recognition-5-deployment-59c5b6cb76-6mnb8
23.21,True,face-recognition-5-deployment-59c5b6cb76-6mnb8
23.21,True,face-recognition-5-deployment-59c5b6cb76-6mnb8
23.21,True,face-recognition-5-deployment-59c5b6cb76-6mnb8
23.21,True,face-recognition-5-deployment-59c5b6cb76-6mnb8
23.21,True,face-recognition-5-deployment-59c5b6cb76-6mnb8
23.21,True,face-recognition-5-deployment-59c5b6cb76-6mnb8
23.21,True,face-recognition-5-deployment-59c5b6cb76-6mnb8
23.21,True,face-recognition-5-deployment-59c5b6cb76-6mnb8
23.21,True,face-recognition-5-deployment-59c5b6cb76-6mnb8
24.67,True,face-recognition-5-deployment-59c5b6cb76-6mnb8
24.67,True,face-recognition-5-deployment-59c5b6cb76-6mnb8
24.67,True,face-recognition-5-deployment-59c5b6cb76-6mnb8
24.67,True,face-recognition-5-deployment-59c5b6cb76-6mnb8
24.67,True,face-recognition-5-deployment-59c5b6cb76-6mnb8
24.67,True,face-recognition-5-deployment-59c5b6cb76-6mnb8
24.67,True,face-recognition-5-deployment-59c5b6cb76-6mnb8
24.67,True,face-recognition-5-deployment-59c5b6cb76-6mnb8
24.67,True,face-recognition-5-deployment-59c5b6cb76-6mnb8
24.67,True,face-recognition-5-deployment-59c5b6cb76-6mnb8
24.67,True,face-recognition-5-deployment-59c5b6cb76-6mnb8
24.67,True,face-recognition-5-deployment-59c5b6cb76-6mnb8
24.67,True,face-recognition-5-deployment-59c5b6cb76-6mnb8
24.67,True,face-recognition-5-deployment-59c5b6cb76-6mnb8
24.67,True,face-recognition-5-deployment-59c5b6cb76-6mnb8
24.67,True,face-recognition-5-deployment-59c5b6cb76-6mnb8
24.67,True,face-recognition-5-deployment-59c5b6cb76-6mnb8
24.67,True,face-recognition-5-deployment-59c5b6cb76-6mnb8
24.67,True,face-recognition-5-deployment-59c5b6cb76-6mnb8
24.67,True,face-recognition-5-deployment-59c5b6cb76-6mnb8
24.67,True,face-recognition-5-deployment-59c5b6cb76-6mnb8
24.67,True,face-recognition-5-deployment-59c5b6cb76-6mnb8
24.67,True,face-recognition-5-deployment-59c5b6cb76-6mnb8
24.67,True,face-recognition-5-deployment-59c5b6cb76-6mnb8
22.98,True,face-recognition-5-deployment-59c5b6cb76-6mnb8
22.98,True,face-recognition-5-deployment-59c5b6cb76-6mnb8
22.98,True,face-recognition-5-deployment-59c5b6cb76-6mnb8
22.98,True,face-recognition-5-deployment-59c5b6cb76-6mnb8
22.98,True,face-recognition-5-deployment-59c5b6cb76-6mnb8
22.98,True,face-recognition-5-deployment-59c5b6cb76-6mnb8
22.98,True,face-recognition-5-deployment-59c5b6cb76-6mnb8
22.98,True,face-recognition-5-deployment-59c5b6cb76-6mnb8
22.98,True,face-recognition-5-deployment-59c5b6cb76-6mnb8
22.98,True,face-recognition-5-deployment-59c5b6cb76-6mnb8
22.98,True,face-recognition-5-deployment-59c5b6cb76-6mnb8
22.98,True,face-recognition-5-deployment-59c5b6cb76-6mnb8
22.98,True,face-recognition-5-deployment-59c5b6cb76-6mnb8
22.98,True,face-recognition-5-deployment-59c5b6cb76-6mnb8
22.98,True,face-recognition-5-deployment-59c5b6cb76-6mnb8
22.98,True,face-recognition-5-deployment-59c5b6cb76-6mnb8
22.98,True,face-recognition-5-deployment-59c5b6cb76-6mnb8
22.98,True,face-recognition-5-deployment-59c5b6cb76-6mnb8
22.98,True,face-recognition-5-deployment-59c5b6cb76-6mnb8
22.98,True,face-recognition-5-deployment-59c5b6cb76-6mnb8
22.98,True,face-recognition-5-deployment-59c5b6cb76-6mnb8
22.98,True,face-recognition-5-deployment-59c5b6cb76-6mnb8
22.98,True,face-recognition-5-deployment-59c5b6cb76-6mnb8
22.98,True,face-recognition-5-deployment-59c5b6cb76-6mnb8
22.98,True,face-recognition-5-deployment-59c5b6cb76-6mnb8
22.98,True,face-recognition-5-deployment-59c5b6cb76-6mnb8
24.69,True,face-recognition-5-deployment-59c5b6cb76-6mnb8
24.69,True,face-recognition-5-deployment-59c5b6cb76-6mnb8
24.69,True,face-recognition-5-deployment-59c5b6cb76-6mnb8
24.69,True,face-recognition-5-deployment-59c5b6cb76-6mnb8
24.69,True,face-recognition-5-deployment-59c5b6cb76-6mnb8
24.69,True,face-recognition-5-deployment-59c5b6cb76-6mnb8
24.69,True,face-recognition-5-deployment-59c5b6cb76-6mnb8
24.69,True,face-recognition-5-deployment-59c5b6cb76-6mnb8
24.69,True,face-recognition-5-deployment-59c5b6cb76-6mnb8
24.69,True,face-recognition-5-deployment-59c5b6cb76-6mnb8
24.69,True,face-recognition-5-deployment-59c5b6cb76-6mnb8
24.69,True,face-recognition-5-deployment-59c5b6cb76-6mnb8
24.69,True,face-recognition-5-deployment-59c5b6cb76-6mnb8
24.69,True,face-recognition-5-deployment-59c5b6cb76-6mnb8
24.69,True,face-recognition-5-deployment-59c5b6cb76-6mnb8
24.69,True,face-recognition-5-deployment-59c5b6cb76-6mnb8
24.69,True,face-recognition-5-deployment-59c5b6cb76-6mnb8
24.69,True,face-recognition-5-deployment-59c5b6cb76-6mnb8
24.69,True,face-recognition-5-deployment-59c5b6cb76-6mnb8
24.69,True,face-recognition-5-deployment-59c5b6cb76-6mnb8
24.69,True,face-recognition-5-deployment-59c5b6cb76-6mnb8
24.69,True,face-recognition-5-deployment-59c5b6cb76-6mnb8
24.69,True,face-recognition-5-deployment-59c5b6cb76-6mnb8
24.69,True,face-recognition-5-deployment-59c5b6cb76-6mnb8
22.53,True,face-recognition-5-deployment-59c5b6cb76-6mnb8
22.53,True,face-recognition-5-deployment-59c5b6cb76-6mnb8
22.53,True,face-recognition-5-deployment-59c5b6cb76-6mnb8
22.53,True,face-recognition-5-deployment-59c5b6cb76-6mnb8
22.53,True,face-recognition-5-deployment-59c5b6cb76-6mnb8
22.53,True,face-recognition-5-deployment-59c5b6cb76-6mnb8
22.53,True,face-recognition-5-deployment-59c5b6cb76-6mnb8
22.53,True,face-recognition-5-deployment-59c5b6cb76-6mnb8
22.53,True,face-recognition-5-deployment-59c5b6cb76-6mnb8
22.53,True,face-recognition-5-deployment-59c5b6cb76-6mnb8
22.53,True,face-recognition-5-deployment-59c5b6cb76-6mnb8
22.53,True,face-recognition-5-deployment-59c5b6cb76-6mnb8
22.53,True,face-recognition-5-deployment-59c5b6cb76-6mnb8
22.53,True,face-recognition-5-deployment-59c5b6cb76-6mnb8
22.53,True,face-recognition-5-deployment-59c5b6cb76-6mnb8
22.53,True,face-recognition-5-deployment-59c5b6cb76-6mnb8
22.53,True,face-recognition-5-deployment-59c5b6cb76-6mnb8
22.53,True,face-recognition-5-deployment-59c5b6cb76-6mnb8
22.53,True,face-recognition-5-deployment-59c5b6cb76-6mnb8
22.53,True,face-recognition-5-deployment-59c5b6cb76-6mnb8
22.53,True,face-recognition-5-deployment-59c5b6cb76-6mnb8
22.53,True,face-recognition-5-deployment-59c5b6cb76-6mnb8
22.53,True,face-recognition-5-deployment-59c5b6cb76-6mnb8
22.53,True,face-recognition-5-deployment-59c5b6cb76-6mnb8
22.97,True,face-recognition-5-deployment-59c5b6cb76-6mnb8
22.97,True,face-recognition-5-deployment-59c5b6cb76-6mnb8
22.97,True,face-recognition-5-deployment-59c5b6cb76-6mnb8
22.97,True,face-recognition-5-deployment-59c5b6cb76-6mnb8
22.97,True,face-recognition-5-deployment-59c5b6cb76-6mnb8
22.97,True,face-recognition-5-deployment-59c5b6cb76-6mnb8
22.97,True,face-recognition-5-deployment-59c5b6cb76-6mnb8
22.97,True,face-recognition-5-deployment-59c5b6cb76-6mnb8
22.97,True,face-recognition-5-deployment-59c5b6cb76-6mnb8
22.97,True,face-recognition-5-deployment-59c5b6cb76-6mnb8
22.97,True,face-recognition-5-deployment-59c5b6cb76-6mnb8
22.97,True,face-recognition-5-deployment-59c5b6cb76-6mnb8
22.97,True,face-recognition-5-deployment-59c5b6cb76-6mnb8
22.97,True,face-recognition-5-deployment-59c5b6cb76-6mnb8
22.97,True,face-recognition-5-deployment-59c5b6cb76-6mnb8
22.97,True,face-recognition-5-deployment-59c5b6cb76-6mnb8
22.97,True,face-recognition-5-deployment-59c5b6cb76-6mnb8
22.97,True,face-recognition-5-deployment-59c5b6cb76-6mnb8
22.97,True,face-recognition-5-deployment-59c5b6cb76-6mnb8
22.97,True,face-recognition-5-deployment-59c5b6cb76-6mnb8
22.97,True,face-recognition-5-deployment-59c5b6cb76-6mnb8
22.97,True,face-recognition-5-deployment-59c5b6cb76-6mnb8
22.97,True,face-recognition-5-deployment-59c5b6cb76-6mnb8
22.97,True,face-recognition-5-deployment-59c5b6cb76-6mnb8
22.61,True,face-recognition-5-deployment-59c5b6cb76-6mnb8
22.61,True,face-recognition-5-deployment-59c5b6cb76-6mnb8
22.61,True,face-recognition-5-deployment-59c5b6cb76-6mnb8
22.61,True,face-recognition-5-deployment-59c5b6cb76-6mnb8
22.61,True,face-recognition-5-deployment-59c5b6cb76-6mnb8
22.61,True,face-recognition-5-deployment-59c5b6cb76-6mnb8
22.61,True,face-recognition-5-deployment-59c5b6cb76-6mnb8
22.61,True,face-recognition-5-deployment-59c5b6cb76-6mnb8
22.61,True,face-recognition-5-deployment-59c5b6cb76-6mnb8
22.61,True,face-recognition-5-deployment-59c5b6cb76-6mnb8
22.61,True,face-recognition-5-deployment-59c5b6cb76-6mnb8
22.61,True,face-recognition-5-deployment-59c5b6cb76-6mnb8
22.61,True,face-recognition-5-deployment-59c5b6cb76-6mnb8
22.61,True,face-recognition-5-deployment-59c5b6cb76-6mnb8
22.61,True,face-recognition-5-deployment-59c5b6cb76-6mnb8
22.61,True,face-recognition-5-deployment-59c5b6cb76-6mnb8
22.61,True,face-recognition-5-deployment-59c5b6cb76-6mnb8
22.61,True,face-recognition-5-deployment-59c5b6cb76-6mnb8
22.61,True,face-recognition-5-deployment-59c5b6cb76-6mnb8
22.61,True,face-recognition-5-deployment-59c5b6cb76-6mnb8
22.61,True,face-recognition-5-deployment-59c5b6cb76-6mnb8
22.61,True,face-recognition-5-deployment-59c5b6cb76-6mnb8
22.61,True,face-recognition-5-deployment-59c5b6cb76-6mnb8
22.61,True,face-recognition-5-deployment-59c5b6cb76-6mnb8
22.7,True,face-recognition-5-deployment-59c5b6cb76-6mnb8
22.7,True,face-recognition-5-deployment-59c5b6cb76-6mnb8
22.7,True,face-recognition-5-deployment-59c5b6cb76-6mnb8
22.7,True,face-recognition-5-deployment-59c5b6cb76-6mnb8
22.7,True,face-recognition-5-deployment-59c5b6cb76-6mnb8
22.7,True,face-recognition-5-deployment-59c5b6cb76-6mnb8
22.7,True,face-recognition-5-deployment-59c5b6cb76-6mnb8
22.7,True,face-recognition-5-deployment-59c5b6cb76-6mnb8
22.7,True,face-recognition-5-deployment-59c5b6cb76-6mnb8
22.7,True,face-recognition-5-deployment-59c5b6cb76-6mnb8
22.7,True,face-recognition-5-deployment-59c5b6cb76-6mnb8
22.7,True,face-recognition-5-deployment-59c5b6cb76-6mnb8
22.7,True,face-recognition-5-deployment-59c5b6cb76-6mnb8
22.7,True,face-recognition-5-deployment-59c5b6cb76-6mnb8
22.7,True,face-recognition-5-deployment-59c5b6cb76-6mnb8
22.7,True,face-recognition-5-deployment-59c5b6cb76-6mnb8
22.7,True,face-recognition-5-deployment-59c5b6cb76-6mnb8
22.7,True,face-recognition-5-deployment-59c5b6cb76-6mnb8
22.7,True,face-recognition-5-deployment-59c5b6cb76-6mnb8
22.7,True,face-recognition-5-deployment-59c5b6cb76-6mnb8
22.7,True,face-recognition-5-deployment-59c5b6cb76-6mnb8
22.7,True,face-recognition-5-deployment-59c5b6cb76-6mnb8
22.7,True,face-recognition-5-deployment-59c5b6cb76-6mnb8
22.7,True,face-recognition-5-deployment-59c5b6cb76-6mnb8
23.24,True,face-recognition-5-deployment-59c5b6cb76-6mnb8
23.24,True,face-recognition-5-deployment-59c5b6cb76-6mnb8
23.24,True,face-recognition-5-deployment-59c5b6cb76-6mnb8
23.24,True,face-recognition-5-deployment-59c5b6cb76-6mnb8
23.24,True,face-recognition-5-deployment-59c5b6cb76-6mnb8
23.24,True,face-recognition-5-deployment-59c5b6cb76-6mnb8
23.24,True,face-recognition-5-deployment-59c5b6cb76-6mnb8
23.24,True,face-recognition-5-deployment-59c5b6cb76-6mnb8
23.24,True,face-recognition-5-deployment-59c5b6cb76-6mnb8
23.24,True,face-recognition-5-deployment-59c5b6cb76-6mnb8
23.24,True,face-recognition-5-deployment-59c5b6cb76-6mnb8
23.24,True,face-recognition-5-deployment-59c5b6cb76-6mnb8
23.24,True,face-recognition-5-deployment-59c5b6cb76-6mnb8
23.24,True,face-recognition-5-deployment-59c5b6cb76-6mnb8
23.24,True,face-recognition-5-deployment-59c5b6cb76-6mnb8
23.24,True,face-recognition-5-deployment-59c5b6cb76-6mnb8
23.24,True,face-recognition-5-deployment-59c5b6cb76-6mnb8
23.24,True,face-recognition-5-deployment-59c5b6cb76-6mnb8
23.24,True,face-recognition-5-deployment-59c5b6cb76-6mnb8
23.24,True,face-recognition-5-deployment-59c5b6cb76-6mnb8
23.24,True,face-recognition-5-deployment-59c5b6cb76-6mnb8
23.24,True,face-recognition-5-deployment-59c5b6cb76-6mnb8
23.24,True,face-recognition-5-deployment-59c5b6cb76-6mnb8
23.24,True,face-recognition-5-deployment-59c5b6cb76-6mnb8
23.31,True,face-recognition-5-deployment-59c5b6cb76-6mnb8
23.31,True,face-recognition-5-deployment-59c5b6cb76-6mnb8
23.31,True,face-recognition-5-deployment-59c5b6cb76-6mnb8
23.31,True,face-recognition-5-deployment-59c5b6cb76-6mnb8
23.31,True,face-recognition-5-deployment-59c5b6cb76-6mnb8
23.31,True,face-recognition-5-deployment-59c5b6cb76-6mnb8
23.31,True,face-recognition-5-deployment-59c5b6cb76-6mnb8
23.31,True,face-recognition-5-deployment-59c5b6cb76-6mnb8
23.31,True,face-recognition-5-deployment-59c5b6cb76-6mnb8
23.31,True,face-recognition-5-deployment-59c5b6cb76-6mnb8
23.31,True,face-recognition-5-deployment-59c5b6cb76-6mnb8
23.31,True,face-recognition-5-deployment-59c5b6cb76-6mnb8
23.31,True,face-recognition-5-deployment-59c5b6cb76-6mnb8
23.31,True,face-recognition-5-deployment-59c5b6cb76-6mnb8
23.31,True,face-recognition-5-deployment-59c5b6cb76-6mnb8
23.31,True,face-recognition-5-deployment-59c5b6cb76-6mnb8
23.31,True,face-recognition-5-deployment-59c5b6cb76-6mnb8
23.31,True,face-recognition-5-deployment-59c5b6cb76-6mnb8
23.31,True,face-recognition-5-deployment-59c5b6cb76-6mnb8
23.31,True,face-recognition-5-deployment-59c5b6cb76-6mnb8
23.31,True,face-recognition-5-deployment-59c5b6cb76-6mnb8
23.31,True,face-recognition-5-deployment-59c5b6cb76-6mnb8
23.31,True,face-recognition-5-deployment-59c5b6cb76-6mnb8
23.31,True,face-recognition-5-deployment-59c5b6cb76-6mnb8
23.31,True,face-recognition-5-deployment-59c5b6cb76-6mnb8
23.31,True,face-recognition-5-deployment-59c5b6cb76-6mnb8
23.31,True,face-recognition-5-deployment-59c5b6cb76-6mnb8
23.31,True,face-recognition-5-deployment-59c5b6cb76-6mnb8
23.31,True,face-recognition-5-deployment-59c5b6cb76-6mnb8
23.31,True,face-recognition-5-deployment-59c5b6cb76-6mnb8
23.31,True,face-recognition-5-deployment-59c5b6cb76-6mnb8
23.31,True,face-recognition-5-deployment-59c5b6cb76-6mnb8
23.31,True,face-recognition-5-deployment-59c5b6cb76-6mnb8
23.31,True,face-recognition-5-deployment-59c5b6cb76-6mnb8
23.31,True,face-recognition-5-deployment-59c5b6cb76-6mnb8
23.31,True,face-recognition-5-deployment-59c5b6cb76-6mnb8
23.31,True,face-recognition-5-deployment-59c5b6cb76-6mnb8
23.31,True,face-recognition-5-deployment-59c5b6cb76-6mnb8
23.31,True,face-recognition-5-deployment-59c5b6cb76-6mnb8
23.31,True,face-recognition-5-deployment-59c5b6cb76-6mnb8
23.31,True,face-recognition-5-deployment-59c5b6cb76-6mnb8
23.31,True,face-recognition-5-deployment-59c5b6cb76-6mnb8
23.31,True,face-recognition-5-deployment-59c5b6cb76-6mnb8
23.31,True,face-recognition-5-deployment-59c5b6cb76-6mnb8
23.31,True,face-recognition-5-deployment-59c5b6cb76-6mnb8
23.31,True,face-recognition-5-deployment-59c5b6cb76-6mnb8
23.31,True,face-recognition-5-deployment-59c5b6cb76-6mnb8
23.31,True,face-recognition-5-deployment-59c5b6cb76-6mnb8
23.31,True,face-recognition-5-deployment-59c5b6cb76-6mnb8
23.31,True,face-recognition-5-deployment-59c5b6cb76-6mnb8
23.31,True,face-recognition-5-deployment-59c5b6cb76-6mnb8
23.31,True,face-recognition-5-deployment-59c5b6cb76-6mnb8
23.31,True,face-recognition-5-deployment-59c5b6cb76-6mnb8
23.31,True,face-recognition-5-deployment-59c5b6cb76-6mnb8
23.31,True,face-recognition-5-deployment-59c5b6cb76-6mnb8
23.31,True,face-recognition-5-deployment-59c5b6cb76-6mnb8
23.31,True,face-recognition-5-deployment-59c5b6cb76-6mnb8
23.31,True,face-recognition-5-deployment-59c5b6cb76-6mnb8
23.31,True,face-recognition-5-deployment-59c5b6cb76-6mnb8
23.31,True,face-recognition-5-deployment-59c5b6cb76-6mnb8
23.31,True,face-recognition-5-deployment-59c5b6cb76-6mnb8
23.31,True,face-recognition-5-deployment-59c5b6cb76-6mnb8
61.62,False,face-recognition-5-deployment-59c5b6cb76-6mnb8
61.62,False,face-recognition-5-deployment-59c5b6cb76-6mnb8
61.62,True,face-recognition-5-deployment-59c5b6cb76-6mnb8
61.62,True,face-recognition-5-deployment-59c5b6cb76-6mnb8
61.62,True,face-recognition-5-deployment-59c5b6cb76-6mnb8
61.62,True,face-recognition-5-deployment-59c5b6cb76-6mnb8
61.62,True,face-recognition-5-deployment-59c5b6cb76-6mnb8
61.62,True,face-recognition-5-deployment-59c5b6cb76-6mnb8
61.62,True,face-recognition-5-deployment-59c5b6cb76-6mnb8
61.62,True,face-recognition-5-deployment-59c5b6cb76-6mnb8
61.62,True,face-recognition-5-deployment-59c5b6cb76-6mnb8
61.62,True,face-recognition-5-deployment-59c5b6cb76-6mnb8
61.62,True,face-recognition-5-deployment-59c5b6cb76-6mnb8
61.62,True,face-recognition-5-deployment-59c5b6cb76-6mnb8
61.62,True,face-recognition-5-deployment-59c5b6cb76-6mnb8
61.62,True,face-recognition-5-deployment-59c5b6cb76-6mnb8
61.62,True,face-recognition-5-deployment-59c5b6cb76-6mnb8
61.62,True,face-recognition-5-deployment-59c5b6cb76-6mnb8
61.62,True,face-recognition-5-deployment-59c5b6cb76-6mnb8
61.62,True,face-recognition-5-deployment-59c5b6cb76-6mnb8
61.62,True,face-recognition-5-deployment-59c5b6cb76-6mnb8
61.62,True,face-recognition-5-deployment-59c5b6cb76-6mnb8
61.62,True,face-recognition-5-deployment-59c5b6cb76-6mnb8
61.62,True,face-recognition-5-deployment-59c5b6cb76-6mnb8
22.9,True,face-recognition-5-deployment-59c5b6cb76-6mnb8
22.9,True,face-recognition-5-deployment-59c5b6cb76-6mnb8
22.9,True,face-recognition-5-deployment-59c5b6cb76-6mnb8
22.9,True,face-recognition-5-deployment-59c5b6cb76-6mnb8
22.9,True,face-recognition-5-deployment-59c5b6cb76-6mnb8
22.9,True,face-recognition-5-deployment-59c5b6cb76-6mnb8
22.9,True,face-recognition-5-deployment-59c5b6cb76-6mnb8
22.9,True,face-recognition-5-deployment-59c5b6cb76-6mnb8
22.9,True,face-recognition-5-deployment-59c5b6cb76-6mnb8
22.9,True,face-recognition-5-deployment-59c5b6cb76-6mnb8
22.9,True,face-recognition-5-deployment-59c5b6cb76-6mnb8
22.9,True,face-recognition-5-deployment-59c5b6cb76-6mnb8
22.9,True,face-recognition-5-deployment-59c5b6cb76-6mnb8
22.9,True,face-recognition-5-deployment-59c5b6cb76-6mnb8
22.9,True,face-recognition-5-deployment-59c5b6cb76-6mnb8
22.9,True,face-recognition-5-deployment-59c5b6cb76-6mnb8
22.9,True,face-recognition-5-deployment-59c5b6cb76-6mnb8
22.9,True,face-recognition-5-deployment-59c5b6cb76-6mnb8
22.9,True,face-recognition-5-deployment-59c5b6cb76-6mnb8
22.9,True,face-recognition-5-deployment-59c5b6cb76-6mnb8
22.9,True,face-recognition-5-deployment-59c5b6cb76-6mnb8
22.9,True,face-recognition-5-deployment-59c5b6cb76-6mnb8
22.9,True,face-recognition-5-deployment-59c5b6cb76-6mnb8
22.9,True,face-recognition-5-deployment-59c5b6cb76-6mnb8
23.25,True,face-recognition-5-deployment-59c5b6cb76-6mnb8
23.25,True,face-recognition-5-deployment-59c5b6cb76-6mnb8
23.25,True,face-recognition-5-deployment-59c5b6cb76-6mnb8
23.25,True,face-recognition-5-deployment-59c5b6cb76-6mnb8
23.25,True,face-recognition-5-deployment-59c5b6cb76-6mnb8
23.25,True,face-recognition-5-deployment-59c5b6cb76-6mnb8
23.25,True,face-recognition-5-deployment-59c5b6cb76-6mnb8
23.25,True,face-recognition-5-deployment-59c5b6cb76-6mnb8
23.25,True,face-recognition-5-deployment-59c5b6cb76-6mnb8
23.25,True,face-recognition-5-deployment-59c5b6cb76-6mnb8
23.25,True,face-recognition-5-deployment-59c5b6cb76-6mnb8
23.25,True,face-recognition-5-deployment-59c5b6cb76-6mnb8
23.25,True,face-recognition-5-deployment-59c5b6cb76-6mnb8
23.25,True,face-recognition-5-deployment-59c5b6cb76-6mnb8
23.25,True,face-recognition-5-deployment-59c5b6cb76-6mnb8
23.25,True,face-recognition-5-deployment-59c5b6cb76-6mnb8
23.25,True,face-recognition-5-deployment-59c5b6cb76-6mnb8
23.25,True,face-recognition-5-deployment-59c5b6cb76-6mnb8
23.25,True,face-recognition-5-deployment-59c5b6cb76-6mnb8
23.25,True,face-recognition-5-deployment-59c5b6cb76-6mnb8
23.25,True,face-recognition-5-deployment-59c5b6cb76-6mnb8
23.25,True,face-recognition-5-deployment-59c5b6cb76-6mnb8
23.25,True,face-recognition-5-deployment-59c5b6cb76-6mnb8
23.25,True,face-recognition-5-deployment-59c5b6cb76-6mnb8
22.95,True,face-recognition-5-deployment-59c5b6cb76-6mnb8
22.95,True,face-recognition-5-deployment-59c5b6cb76-6mnb8
22.95,True,face-recognition-5-deployment-59c5b6cb76-6mnb8
22.95,True,face-recognition-5-deployment-59c5b6cb76-6mnb8
22.95,True,face-recognition-5-deployment-59c5b6cb76-6mnb8
22.95,True,face-recognition-5-deployment-59c5b6cb76-6mnb8
22.95,True,face-recognition-5-deployment-59c5b6cb76-6mnb8
22.95,True,face-recognition-5-deployment-59c5b6cb76-6mnb8
22.95,True,face-recognition-5-deployment-59c5b6cb76-6mnb8
22.95,True,face-recognition-5-deployment-59c5b6cb76-6mnb8
22.95,True,face-recognition-5-deployment-59c5b6cb76-6mnb8
22.95,True,face-recognition-5-deployment-59c5b6cb76-6mnb8
22.95,True,face-recognition-5-deployment-59c5b6cb76-6mnb8
22.95,True,face-recognition-5-deployment-59c5b6cb76-6mnb8
22.95,True,face-recognition-5-deployment-59c5b6cb76-6mnb8
22.95,True,face-recognition-5-deployment-59c5b6cb76-6mnb8
22.95,True,face-recognition-5-deployment-59c5b6cb76-6mnb8
22.95,True,face-recognition-5-deployment-59c5b6cb76-6mnb8
22.95,True,face-recognition-5-deployment-59c5b6cb76-6mnb8
22.95,True,face-recognition-5-deployment-59c5b6cb76-6mnb8
22.95,True,face-recognition-5-deployment-59c5b6cb76-6mnb8
22.95,True,face-recognition-5-deployment-59c5b6cb76-6mnb8
22.95,True,face-recognition-5-deployment-59c5b6cb76-6mnb8
22.95,True,face-recognition-5-deployment-59c5b6cb76-6mnb8
23.3,True,face-recognition-5-deployment-59c5b6cb76-6mnb8
23.3,True,face-recognition-5-deployment-59c5b6cb76-6mnb8
23.3,True,face-recognition-5-deployment-59c5b6cb76-6mnb8
23.3,True,face-recognition-5-deployment-59c5b6cb76-6mnb8
23.3,True,face-recognition-5-deployment-59c5b6cb76-6mnb8
23.3,True,face-recognition-5-deployment-59c5b6cb76-6mnb8
23.3,True,face-recognition-5-deployment-59c5b6cb76-6mnb8
23.3,True,face-recognition-5-deployment-59c5b6cb76-6mnb8
23.3,True,face-recognition-5-deployment-59c5b6cb76-6mnb8
23.3,True,face-recognition-5-deployment-59c5b6cb76-6mnb8
23.3,True,face-recognition-5-deployment-59c5b6cb76-6mnb8
23.3,True,face-recognition-5-deployment-59c5b6cb76-6mnb8
23.3,True,face-recognition-5-deployment-59c5b6cb76-6mnb8
23.3,True,face-recognition-5-deployment-59c5b6cb76-6mnb8
23.3,True,face-recognition-5-deployment-59c5b6cb76-6mnb8
23.3,True,face-recognition-5-deployment-59c5b6cb76-6mnb8
23.3,True,face-recognition-5-deployment-59c5b6cb76-6mnb8
23.3,True,face-recognition-5-deployment-59c5b6cb76-6mnb8
23.3,True,face-recognition-5-deployment-59c5b6cb76-6mnb8
23.3,True,face-recognition-5-deployment-59c5b6cb76-6mnb8
23.3,True,face-recognition-5-deployment-59c5b6cb76-6mnb8
23.3,True,face-recognition-5-deployment-59c5b6cb76-6mnb8
23.3,True,face-recognition-5-deployment-59c5b6cb76-6mnb8
23.3,True,face-recognition-5-deployment-59c5b6cb76-6mnb8
23.34,False,face-recognition-5-deployment-59c5b6cb76-6mnb8
23.34,False,face-recognition-5-deployment-59c5b6cb76-6mnb8
23.34,False,face-recognition-5-deployment-59c5b6cb76-6mnb8
23.34,False,face-recognition-5-deployment-59c5b6cb76-6mnb8
23.34,False,face-recognition-5-deployment-59c5b6cb76-6mnb8
23.34,False,face-recognition-5-deployment-59c5b6cb76-6mnb8
23.34,False,face-recognition-5-deployment-59c5b6cb76-6mnb8
23.34,False,face-recognition-5-deployment-59c5b6cb76-6mnb8
23.34,False,face-recognition-5-deployment-59c5b6cb76-6mnb8
23.34,False,face-recognition-5-deployment-59c5b6cb76-6mnb8
23.34,True,face-recognition-5-deployment-59c5b6cb76-6mnb8
23.34,True,face-recognition-5-deployment-59c5b6cb76-6mnb8
23.34,False,face-recognition-5-deployment-59c5b6cb76-6mnb8
23.34,False,face-recognition-5-deployment-59c5b6cb76-6mnb8
23.34,False,face-recognition-5-deployment-59c5b6cb76-6mnb8
23.34,False,face-recognition-5-deployment-59c5b6cb76-6mnb8
23.34,False,face-recognition-5-deployment-59c5b6cb76-6mnb8
23.34,False,face-recognition-5-deployment-59c5b6cb76-6mnb8
23.34,True,face-recognition-5-deployment-59c5b6cb76-6mnb8
23.34,True,face-recognition-5-deployment-59c5b6cb76-6mnb8
23.34,False,face-recognition-5-deployment-59c5b6cb76-6mnb8
23.34,False,face-recognition-5-deployment-59c5b6cb76-6mnb8
23.34,True,face-recognition-5-deployment-59c5b6cb76-6mnb8
23.34,True,face-recognition-5-deployment-59c5b6cb76-6mnb8
22.02,False,face-recognition-5-deployment-59c5b6cb76-6mnb8
22.02,False,face-recognition-5-deployment-59c5b6cb76-6mnb8
22.02,True,face-recognition-5-deployment-59c5b6cb76-6mnb8
22.02,True,face-recognition-5-deployment-59c5b6cb76-6mnb8
22.02,False,face-recognition-5-deployment-59c5b6cb76-6mnb8
22.02,False,face-recognition-5-deployment-59c5b6cb76-6mnb8
22.02,False,face-recognition-5-deployment-59c5b6cb76-6mnb8
22.02,False,face-recognition-5-deployment-59c5b6cb76-6mnb8
22.02,False,face-recognition-5-deployment-59c5b6cb76-6mnb8
22.02,False,face-recognition-5-deployment-59c5b6cb76-6mnb8
22.02,True,face-recognition-5-deployment-59c5b6cb76-6mnb8
22.02,True,face-recognition-5-deployment-59c5b6cb76-6mnb8
22.02,True,face-recognition-5-deployment-59c5b6cb76-6mnb8
22.02,True,face-recognition-5-deployment-59c5b6cb76-6mnb8
22.02,True,face-recognition-5-deployment-59c5b6cb76-6mnb8
22.02,True,face-recognition-5-deployment-59c5b6cb76-6mnb8
22.02,True,face-recognition-5-deployment-59c5b6cb76-6mnb8
22.02,True,face-recognition-5-deployment-59c5b6cb76-6mnb8
22.02,True,face-recognition-5-deployment-59c5b6cb76-6mnb8
22.02,True,face-recognition-5-deployment-59c5b6cb76-6mnb8
22.02,True,face-recognition-5-deployment-59c5b6cb76-6mnb8
22.02,True,face-recognition-5-deployment-59c5b6cb76-6mnb8
22.02,True,face-recognition-5-deployment-59c5b6cb76-6mnb8
22.02,True,face-recognition-5-deployment-59c5b6cb76-6mnb8
23.11,True,face-recognition-5-deployment-59c5b6cb76-6mnb8
23.11,True,face-recognition-5-deployment-59c5b6cb76-6mnb8
23.11,True,face-recognition-5-deployment-59c5b6cb76-6mnb8
23.11,True,face-recognition-5-deployment-59c5b6cb76-6mnb8
23.11,True,face-recognition-5-deployment-59c5b6cb76-6mnb8
23.11,True,face-recognition-5-deployment-59c5b6cb76-6mnb8
23.11,True,face-recognition-5-deployment-59c5b6cb76-6mnb8
23.11,True,face-recognition-5-deployment-59c5b6cb76-6mnb8
23.11,True,face-recognition-5-deployment-59c5b6cb76-6mnb8
23.11,True,face-recognition-5-deployment-59c5b6cb76-6mnb8
23.11,True,face-recognition-5-deployment-59c5b6cb76-6mnb8
23.11,True,face-recognition-5-deployment-59c5b6cb76-6mnb8
23.11,True,face-recognition-5-deployment-59c5b6cb76-6mnb8
23.11,True,face-recognition-5-deployment-59c5b6cb76-6mnb8
23.11,True,face-recognition-5-deployment-59c5b6cb76-6mnb8
23.11,True,face-recognition-5-deployment-59c5b6cb76-6mnb8
23.11,True,face-recognition-5-deployment-59c5b6cb76-6mnb8
23.11,True,face-recognition-5-deployment-59c5b6cb76-6mnb8
23.11,True,face-recognition-5-deployment-59c5b6cb76-6mnb8
23.11,True,face-recognition-5-deployment-59c5b6cb76-6mnb8
23.11,True,face-recognition-5-deployment-59c5b6cb76-6mnb8
23.11,True,face-recognition-5-deployment-59c5b6cb76-6mnb8
23.11,True,face-recognition-5-deployment-59c5b6cb76-6mnb8
23.11,True,face-recognition-5-deployment-59c5b6cb76-6mnb8
23.11,True,face-recognition-5-deployment-59c5b6cb76-6mnb8
23.11,True,face-recognition-5-deployment-59c5b6cb76-6mnb8
23.11,True,face-recognition-5-deployment-59c5b6cb76-6mnb8
23.11,True,face-recognition-5-deployment-59c5b6cb76-6mnb8
26.59,True,face-recognition-5-deployment-59c5b6cb76-6mnb8
26.59,True,face-recognition-5-deployment-59c5b6cb76-6mnb8
26.59,True,face-recognition-5-deployment-59c5b6cb76-6mnb8
26.59,True,face-recognition-5-deployment-59c5b6cb76-6mnb8
26.59,True,face-recognition-5-deployment-59c5b6cb76-6mnb8
26.59,True,face-recognition-5-deployment-59c5b6cb76-6mnb8
26.59,True,face-recognition-5-deployment-59c5b6cb76-6mnb8
26.59,True,face-recognition-5-deployment-59c5b6cb76-6mnb8
26.59,True,face-recognition-5-deployment-59c5b6cb76-6mnb8
26.59,True,face-recognition-5-deployment-59c5b6cb76-6mnb8
26.59,True,face-recognition-5-deployment-59c5b6cb76-6mnb8
26.59,True,face-recognition-5-deployment-59c5b6cb76-6mnb8
26.59,True,face-recognition-5-deployment-59c5b6cb76-6mnb8
26.59,True,face-recognition-5-deployment-59c5b6cb76-6mnb8
26.59,True,face-recognition-5-deployment-59c5b6cb76-6mnb8
26.59,True,face-recognition-5-deployment-59c5b6cb76-6mnb8
26.59,True,face-recognition-5-deployment-59c5b6cb76-6mnb8
26.59,True,face-recognition-5-deployment-59c5b6cb76-6mnb8
26.59,True,face-recognition-5-deployment-59c5b6cb76-6mnb8
26.59,True,face-recognition-5-deployment-59c5b6cb76-6mnb8
26.59,True,face-recognition-5-deployment-59c5b6cb76-6mnb8
26.59,True,face-recognition-5-deployment-59c5b6cb76-6mnb8
26.59,True,face-recognition-5-deployment-59c5b6cb76-6mnb8
26.59,True,face-recognition-5-deployment-59c5b6cb76-6mnb8
23.22,True,face-recognition-5-deployment-59c5b6cb76-6mnb8
23.22,True,face-recognition-5-deployment-59c5b6cb76-6mnb8
23.22,True,face-recognition-5-deployment-59c5b6cb76-6mnb8
23.22,True,face-recognition-5-deployment-59c5b6cb76-6mnb8
23.22,True,face-recognition-5-deployment-59c5b6cb76-6mnb8
23.22,True,face-recognition-5-deployment-59c5b6cb76-6mnb8
23.22,True,face-recognition-5-deployment-59c5b6cb76-6mnb8
23.22,True,face-recognition-5-deployment-59c5b6cb76-6mnb8
23.22,True,face-recognition-5-deployment-59c5b6cb76-6mnb8
23.22,True,face-recognition-5-deployment-59c5b6cb76-6mnb8
23.22,True,face-recognition-5-deployment-59c5b6cb76-6mnb8
23.22,True,face-recognition-5-deployment-59c5b6cb76-6mnb8
23.22,True,face-recognition-5-deployment-59c5b6cb76-6mnb8
23.22,True,face-recognition-5-deployment-59c5b6cb76-6mnb8
23.22,True,face-recognition-5-deployment-59c5b6cb76-6mnb8
23.22,True,face-recognition-5-deployment-59c5b6cb76-6mnb8
23.22,True,face-recognition-5-deployment-59c5b6cb76-6mnb8
23.22,True,face-recognition-5-deployment-59c5b6cb76-6mnb8
23.22,True,face-recognition-5-deployment-59c5b6cb76-6mnb8
23.22,True,face-recognition-5-deployment-59c5b6cb76-6mnb8
23.22,True,face-recognition-5-deployment-59c5b6cb76-6mnb8
23.22,True,face-recognition-5-deployment-59c5b6cb76-6mnb8
23.22,True,face-recognition-5-deployment-59c5b6cb76-6mnb8
23.22,True,face-recognition-5-deployment-59c5b6cb76-6mnb8
23.36,True,face-recognition-5-deployment-59c5b6cb76-6mnb8
23.36,True,face-recognition-5-deployment-59c5b6cb76-6mnb8
23.36,True,face-recognition-5-deployment-59c5b6cb76-6mnb8
23.36,True,face-recognition-5-deployment-59c5b6cb76-6mnb8
23.36,True,face-recognition-5-deployment-59c5b6cb76-6mnb8
23.36,True,face-recognition-5-deployment-59c5b6cb76-6mnb8
23.36,True,face-recognition-5-deployment-59c5b6cb76-6mnb8
23.36,True,face-recognition-5-deployment-59c5b6cb76-6mnb8
23.36,True,face-recognition-5-deployment-59c5b6cb76-6mnb8
23.36,True,face-recognition-5-deployment-59c5b6cb76-6mnb8
23.36,True,face-recognition-5-deployment-59c5b6cb76-6mnb8
23.36,True,face-recognition-5-deployment-59c5b6cb76-6mnb8
23.36,True,face-recognition-5-deployment-59c5b6cb76-6mnb8
23.36,True,face-recognition-5-deployment-59c5b6cb76-6mnb8
23.36,True,face-recognition-5-deployment-59c5b6cb76-6mnb8
23.36,True,face-recognition-5-deployment-59c5b6cb76-6mnb8
23.36,True,face-recognition-5-deployment-59c5b6cb76-6mnb8
23.36,True,face-recognition-5-deployment-59c5b6cb76-6mnb8
23.36,True,face-recognition-5-deployment-59c5b6cb76-6mnb8
23.36,True,face-recognition-5-deployment-59c5b6cb76-6mnb8
23.36,True,face-recognition-5-deployment-59c5b6cb76-6mnb8
23.36,True,face-recognition-5-deployment-59c5b6cb76-6mnb8
23.36,True,face-recognition-5-deployment-59c5b6cb76-6mnb8
23.36,True,face-recognition-5-deployment-59c5b6cb76-6mnb8
23.12,True,face-recognition-5-deployment-59c5b6cb76-6mnb8
23.12,True,face-recognition-5-deployment-59c5b6cb76-6mnb8
23.12,True,face-recognition-5-deployment-59c5b6cb76-6mnb8
23.12,True,face-recognition-5-deployment-59c5b6cb76-6mnb8
23.12,True,face-recognition-5-deployment-59c5b6cb76-6mnb8
23.12,True,face-recognition-5-deployment-59c5b6cb76-6mnb8
23.12,True,face-recognition-5-deployment-59c5b6cb76-6mnb8
23.12,True,face-recognition-5-deployment-59c5b6cb76-6mnb8
23.12,True,face-recognition-5-deployment-59c5b6cb76-6mnb8
23.12,True,face-recognition-5-deployment-59c5b6cb76-6mnb8
23.12,True,face-recognition-5-deployment-59c5b6cb76-6mnb8
23.12,True,face-recognition-5-deployment-59c5b6cb76-6mnb8
23.12,True,face-recognition-5-deployment-59c5b6cb76-6mnb8
23.12,True,face-recognition-5-deployment-59c5b6cb76-6mnb8
23.12,True,face-recognition-5-deployment-59c5b6cb76-6mnb8
23.12,True,face-recognition-5-deployment-59c5b6cb76-6mnb8
23.12,True,face-recognition-5-deployment-59c5b6cb76-6mnb8
23.12,True,face-recognition-5-deployment-59c5b6cb76-6mnb8
23.12,True,face-recognition-5-deployment-59c5b6cb76-6mnb8
23.12,True,face-recognition-5-deployment-59c5b6cb76-6mnb8
23.12,True,face-recognition-5-deployment-59c5b6cb76-6mnb8
23.12,True,face-recognition-5-deployment-59c5b6cb76-6mnb8
23.12,True,face-recognition-5-deployment-59c5b6cb76-6mnb8
23.12,True,face-recognition-5-deployment-59c5b6cb76-6mnb8
23.3,True,face-recognition-5-deployment-59c5b6cb76-6mnb8
23.3,True,face-recognition-5-deployment-59c5b6cb76-6mnb8
23.3,True,face-recognition-5-deployment-59c5b6cb76-6mnb8
23.3,True,face-recognition-5-deployment-59c5b6cb76-6mnb8
23.3,True,face-recognition-5-deployment-59c5b6cb76-6mnb8
23.3,True,face-recognition-5-deployment-59c5b6cb76-6mnb8
23.3,True,face-recognition-5-deployment-59c5b6cb76-6mnb8
23.3,True,face-recognition-5-deployment-59c5b6cb76-6mnb8
23.3,True,face-recognition-5-deployment-59c5b6cb76-6mnb8
23.3,True,face-recognition-5-deployment-59c5b6cb76-6mnb8
23.3,True,face-recognition-5-deployment-59c5b6cb76-6mnb8
23.3,True,face-recognition-5-deployment-59c5b6cb76-6mnb8
23.3,True,face-recognition-5-deployment-59c5b6cb76-6mnb8
23.3,True,face-recognition-5-deployment-59c5b6cb76-6mnb8
23.3,True,face-recognition-5-deployment-59c5b6cb76-6mnb8
23.3,True,face-recognition-5-deployment-59c5b6cb76-6mnb8
23.3,True,face-recognition-5-deployment-59c5b6cb76-6mnb8
23.3,True,face-recognition-5-deployment-59c5b6cb76-6mnb8
23.3,True,face-recognition-5-deployment-59c5b6cb76-6mnb8
23.3,True,face-recognition-5-deployment-59c5b6cb76-6mnb8
23.3,True,face-recognition-5-deployment-59c5b6cb76-6mnb8
23.3,True,face-recognition-5-deployment-59c5b6cb76-6mnb8
23.3,True,face-recognition-5-deployment-59c5b6cb76-6mnb8
23.3,True,face-recognition-5-deployment-59c5b6cb76-6mnb8
22.97,True,face-recognition-5-deployment-59c5b6cb76-6mnb8
22.97,True,face-recognition-5-deployment-59c5b6cb76-6mnb8
22.97,True,face-recognition-5-deployment-59c5b6cb76-6mnb8
22.97,True,face-recognition-5-deployment-59c5b6cb76-6mnb8
22.97,True,face-recognition-5-deployment-59c5b6cb76-6mnb8
22.97,True,face-recognition-5-deployment-59c5b6cb76-6mnb8
22.97,True,face-recognition-5-deployment-59c5b6cb76-6mnb8
22.97,True,face-recognition-5-deployment-59c5b6cb76-6mnb8
22.97,True,face-recognition-5-deployment-59c5b6cb76-6mnb8
22.97,True,face-recognition-5-deployment-59c5b6cb76-6mnb8
22.97,True,face-recognition-5-deployment-59c5b6cb76-6mnb8
22.97,True,face-recognition-5-deployment-59c5b6cb76-6mnb8
22.97,True,face-recognition-5-deployment-59c5b6cb76-6mnb8
22.97,True,face-recognition-5-deployment-59c5b6cb76-6mnb8
22.97,False,face-recognition-5-deployment-59c5b6cb76-6mnb8
22.97,False,face-recognition-5-deployment-59c5b6cb76-6mnb8
22.97,False,face-recognition-5-deployment-59c5b6cb76-6mnb8
22.97,False,face-recognition-5-deployment-59c5b6cb76-6mnb8
22.97,False,face-recognition-5-deployment-59c5b6cb76-6mnb8
22.97,False,face-recognition-5-deployment-59c5b6cb76-6mnb8
22.97,False,face-recognition-5-deployment-59c5b6cb76-6mnb8
22.97,False,face-recognition-5-deployment-59c5b6cb76-6mnb8
22.97,False,face-recognition-5-deployment-59c5b6cb76-6mnb8
22.97,False,face-recognition-5-deployment-59c5b6cb76-6mnb8
23.19,False,face-recognition-5-deployment-59c5b6cb76-6mnb8
23.19,False,face-recognition-5-deployment-59c5b6cb76-6mnb8
23.19,False,face-recognition-5-deployment-59c5b6cb76-6mnb8
23.19,False,face-recognition-5-deployment-59c5b6cb76-6mnb8
23.19,False,face-recognition-5-deployment-59c5b6cb76-6mnb8
23.19,False,face-recognition-5-deployment-59c5b6cb76-6mnb8
23.19,False,face-recognition-5-deployment-59c5b6cb76-6mnb8
23.19,False,face-recognition-5-deployment-59c5b6cb76-6mnb8
23.19,False,face-recognition-5-deployment-59c5b6cb76-6mnb8
23.19,False,face-recognition-5-deployment-59c5b6cb76-6mnb8
23.19,True,face-recognition-5-deployment-59c5b6cb76-6mnb8
23.19,True,face-recognition-5-deployment-59c5b6cb76-6mnb8
23.19,False,face-recognition-5-deployment-59c5b6cb76-6mnb8
23.19,False,face-recognition-5-deployment-59c5b6cb76-6mnb8
23.19,False,face-recognition-5-deployment-59c5b6cb76-6mnb8
23.19,False,face-recognition-5-deployment-59c5b6cb76-6mnb8
23.19,True,face-recognition-5-deployment-59c5b6cb76-6mnb8
23.19,True,face-recognition-5-deployment-59c5b6cb76-6mnb8
23.19,True,face-recognition-5-deployment-59c5b6cb76-6mnb8
23.19,True,face-recognition-5-deployment-59c5b6cb76-6mnb8
23.19,True,face-recognition-5-deployment-59c5b6cb76-6mnb8
23.19,True,face-recognition-5-deployment-59c5b6cb76-6mnb8
23.19,True,face-recognition-5-deployment-59c5b6cb76-6mnb8
23.19,True,face-recognition-5-deployment-59c5b6cb76-6mnb8
23.19,True,face-recognition-5-deployment-59c5b6cb76-6mnb8
23.19,True,face-recognition-5-deployment-59c5b6cb76-6mnb8
23.19,True,face-recognition-5-deployment-59c5b6cb76-6mnb8
23.19,True,face-recognition-5-deployment-59c5b6cb76-6mnb8
23.19,True,face-recognition-5-deployment-59c5b6cb76-6mnb8
23.19,True,face-recognition-5-deployment-59c5b6cb76-6mnb8
23.19,True,face-recognition-5-deployment-59c5b6cb76-6mnb8
23.19,True,face-recognition-5-deployment-59c5b6cb76-6mnb8
29.89,True,face-recognition-5-deployment-59c5b6cb76-6mnb8
29.89,True,face-recognition-5-deployment-59c5b6cb76-6mnb8
29.89,True,face-recognition-5-deployment-59c5b6cb76-6mnb8
29.89,True,face-recognition-5-deployment-59c5b6cb76-6mnb8
29.89,True,face-recognition-5-deployment-59c5b6cb76-6mnb8
29.89,True,face-recognition-5-deployment-59c5b6cb76-6mnb8
29.89,True,face-recognition-5-deployment-59c5b6cb76-6mnb8
29.89,True,face-recognition-5-deployment-59c5b6cb76-6mnb8
29.89,False,face-recognition-5-deployment-59c5b6cb76-6mnb8
29.89,False,face-recognition-5-deployment-59c5b6cb76-6mnb8
29.89,True,face-recognition-5-deployment-59c5b6cb76-6mnb8
29.89,True,face-recognition-5-deployment-59c5b6cb76-6mnb8
29.89,True,face-recognition-5-deployment-59c5b6cb76-6mnb8
29.89,True,face-recognition-5-deployment-59c5b6cb76-6mnb8
29.89,False,face-recognition-5-deployment-59c5b6cb76-6mnb8
29.89,False,face-recognition-5-deployment-59c5b6cb76-6mnb8
29.89,False,face-recognition-5-deployment-59c5b6cb76-6mnb8
29.89,False,face-recognition-5-deployment-59c5b6cb76-6mnb8
29.89,True,face-recognition-5-deployment-59c5b6cb76-6mnb8
29.89,True,face-recognition-5-deployment-59c5b6cb76-6mnb8
29.89,False,face-recognition-5-deployment-59c5b6cb76-6mnb8
29.89,False,face-recognition-5-deployment-59c5b6cb76-6mnb8
29.89,False,face-recognition-5-deployment-59c5b6cb76-6mnb8
29.89,False,face-recognition-5-deployment-59c5b6cb76-6mnb8
29.89,False,face-recognition-5-deployment-59c5b6cb76-6mnb8
29.89,False,face-recognition-5-deployment-59c5b6cb76-6mnb8
25.9,True,face-recognition-5-deployment-59c5b6cb76-6mnb8
25.9,True,face-recognition-5-deployment-59c5b6cb76-6mnb8
25.9,True,face-recognition-5-deployment-59c5b6cb76-6mnb8
25.9,True,face-recognition-5-deployment-59c5b6cb76-6mnb8
25.9,False,face-recognition-5-deployment-59c5b6cb76-6mnb8
25.9,False,face-recognition-5-deployment-59c5b6cb76-6mnb8
25.9,True,face-recognition-5-deployment-59c5b6cb76-6mnb8
25.9,True,face-recognition-5-deployment-59c5b6cb76-6mnb8
25.9,True,face-recognition-5-deployment-59c5b6cb76-6mnb8
25.9,True,face-recognition-5-deployment-59c5b6cb76-6mnb8
25.9,True,face-recognition-5-deployment-59c5b6cb76-6mnb8
25.9,True,face-recognition-5-deployment-59c5b6cb76-6mnb8
25.9,True,face-recognition-5-deployment-59c5b6cb76-6mnb8
25.9,True,face-recognition-5-deployment-59c5b6cb76-6mnb8
25.9,True,face-recognition-5-deployment-59c5b6cb76-6mnb8
25.9,True,face-recognition-5-deployment-59c5b6cb76-6mnb8
25.9,True,face-recognition-5-deployment-59c5b6cb76-6mnb8
25.9,True,face-recognition-5-deployment-59c5b6cb76-6mnb8
25.9,True,face-recognition-5-deployment-59c5b6cb76-6mnb8
25.9,True,face-recognition-5-deployment-59c5b6cb76-6mnb8
25.9,True,face-recognition-5-deployment-59c5b6cb76-6mnb8
25.9,True,face-recognition-5-deployment-59c5b6cb76-6mnb8
25.9,True,face-recognition-5-deployment-59c5b6cb76-6mnb8
25.9,True,face-recognition-5-deployment-59c5b6cb76-6mnb8
23.24,True,face-recognition-5-deployment-59c5b6cb76-6mnb8
23.24,True,face-recognition-5-deployment-59c5b6cb76-6mnb8
23.24,True,face-recognition-5-deployment-59c5b6cb76-6mnb8
23.24,True,face-recognition-5-deployment-59c5b6cb76-6mnb8
23.24,True,face-recognition-5-deployment-59c5b6cb76-6mnb8
23.24,True,face-recognition-5-deployment-59c5b6cb76-6mnb8
23.24,True,face-recognition-5-deployment-59c5b6cb76-6mnb8
23.24,True,face-recognition-5-deployment-59c5b6cb76-6mnb8
23.24,True,face-recognition-5-deployment-59c5b6cb76-6mnb8
23.24,True,face-recognition-5-deployment-59c5b6cb76-6mnb8
23.24,True,face-recognition-5-deployment-59c5b6cb76-6mnb8
23.24,True,face-recognition-5-deployment-59c5b6cb76-6mnb8
23.24,True,face-recognition-5-deployment-59c5b6cb76-6mnb8
23.24,True,face-recognition-5-deployment-59c5b6cb76-6mnb8
23.24,True,face-recognition-5-deployment-59c5b6cb76-6mnb8
23.24,True,face-recognition-5-deployment-59c5b6cb76-6mnb8
23.24,True,face-recognition-5-deployment-59c5b6cb76-6mnb8
23.24,True,face-recognition-5-deployment-59c5b6cb76-6mnb8
23.24,True,face-recognition-5-deployment-59c5b6cb76-6mnb8
23.24,True,face-recognition-5-deployment-59c5b6cb76-6mnb8
23.24,True,face-recognition-5-deployment-59c5b6cb76-6mnb8
23.24,True,face-recognition-5-deployment-59c5b6cb76-6mnb8
23.24,True,face-recognition-5-deployment-59c5b6cb76-6mnb8
23.24,True,face-recognition-5-deployment-59c5b6cb76-6mnb8
23.15,True,face-recognition-5-deployment-59c5b6cb76-6mnb8
23.15,True,face-recognition-5-deployment-59c5b6cb76-6mnb8
23.15,True,face-recognition-5-deployment-59c5b6cb76-6mnb8
23.15,True,face-recognition-5-deployment-59c5b6cb76-6mnb8
23.15,True,face-recognition-5-deployment-59c5b6cb76-6mnb8
23.15,True,face-recognition-5-deployment-59c5b6cb76-6mnb8
23.15,True,face-recognition-5-deployment-59c5b6cb76-6mnb8
23.15,True,face-recognition-5-deployment-59c5b6cb76-6mnb8
23.15,True,face-recognition-5-deployment-59c5b6cb76-6mnb8
23.15,True,face-recognition-5-deployment-59c5b6cb76-6mnb8
23.15,True,face-recognition-5-deployment-59c5b6cb76-6mnb8
23.15,True,face-recognition-5-deployment-59c5b6cb76-6mnb8
23.15,True,face-recognition-5-deployment-59c5b6cb76-6mnb8
23.15,True,face-recognition-5-deployment-59c5b6cb76-6mnb8
23.15,True,face-recognition-5-deployment-59c5b6cb76-6mnb8
23.15,True,face-recognition-5-deployment-59c5b6cb76-6mnb8
23.15,True,face-recognition-5-deployment-59c5b6cb76-6mnb8
23.15,True,face-recognition-5-deployment-59c5b6cb76-6mnb8
23.15,True,face-recognition-5-deployment-59c5b6cb76-6mnb8
23.15,True,face-recognition-5-deployment-59c5b6cb76-6mnb8
23.15,True,face-recognition-5-deployment-59c5b6cb76-6mnb8
23.15,True,face-recognition-5-deployment-59c5b6cb76-6mnb8
23.15,True,face-recognition-5-deployment-59c5b6cb76-6mnb8
23.15,True,face-recognition-5-deployment-59c5b6cb76-6mnb8
23.13,True,face-recognition-5-deployment-59c5b6cb76-6mnb8
23.13,True,face-recognition-5-deployment-59c5b6cb76-6mnb8
23.13,True,face-recognition-5-deployment-59c5b6cb76-6mnb8
23.13,True,face-recognition-5-deployment-59c5b6cb76-6mnb8
23.13,True,face-recognition-5-deployment-59c5b6cb76-6mnb8
23.13,True,face-recognition-5-deployment-59c5b6cb76-6mnb8
23.13,True,face-recognition-5-deployment-59c5b6cb76-6mnb8
23.13,True,face-recognition-5-deployment-59c5b6cb76-6mnb8
23.13,True,face-recognition-5-deployment-59c5b6cb76-6mnb8
23.13,True,face-recognition-5-deployment-59c5b6cb76-6mnb8
23.13,True,face-recognition-5-deployment-59c5b6cb76-6mnb8
23.13,True,face-recognition-5-deployment-59c5b6cb76-6mnb8
23.13,True,face-recognition-5-deployment-59c5b6cb76-6mnb8
23.13,True,face-recognition-5-deployment-59c5b6cb76-6mnb8
23.13,True,face-recognition-5-deployment-59c5b6cb76-6mnb8
23.13,True,face-recognition-5-deployment-59c5b6cb76-6mnb8
23.13,True,face-recognition-5-deployment-59c5b6cb76-6mnb8
23.13,True,face-recognition-5-deployment-59c5b6cb76-6mnb8
23.13,True,face-recognition-5-deployment-59c5b6cb76-6mnb8
23.13,True,face-recognition-5-deployment-59c5b6cb76-6mnb8
23.13,True,face-recognition-5-deployment-59c5b6cb76-6mnb8
23.13,True,face-recognition-5-deployment-59c5b6cb76-6mnb8
23.13,True,face-recognition-5-deployment-59c5b6cb76-6mnb8
23.13,True,face-recognition-5-deployment-59c5b6cb76-6mnb8
23.13,True,face-recognition-5-deployment-59c5b6cb76-6mnb8
23.13,True,face-recognition-5-deployment-59c5b6cb76-6mnb8
23.13,True,face-recognition-5-deployment-59c5b6cb76-6mnb8
23.13,True,face-recognition-5-deployment-59c5b6cb76-6mnb8
23.13,True,face-recognition-5-deployment-59c5b6cb76-6mnb8
23.13,True,face-recognition-5-deployment-59c5b6cb76-6mnb8
23.13,True,face-recognition-5-deployment-59c5b6cb76-6mnb8
23.13,True,face-recognition-5-deployment-59c5b6cb76-6mnb8
31.72,True,face-recognition-5-deployment-59c5b6cb76-6mnb8
31.72,True,face-recognition-5-deployment-59c5b6cb76-6mnb8
31.72,True,face-recognition-5-deployment-59c5b6cb76-6mnb8
31.72,True,face-recognition-5-deployment-59c5b6cb76-6mnb8
31.72,True,face-recognition-5-deployment-59c5b6cb76-6mnb8
31.72,True,face-recognition-5-deployment-59c5b6cb76-6mnb8
31.72,True,face-recognition-5-deployment-59c5b6cb76-6mnb8
31.72,True,face-recognition-5-deployment-59c5b6cb76-6mnb8
31.72,True,face-recognition-5-deployment-59c5b6cb76-6mnb8
31.72,True,face-recognition-5-deployment-59c5b6cb76-6mnb8
31.72,True,face-recognition-5-deployment-59c5b6cb76-6mnb8
31.72,True,face-recognition-5-deployment-59c5b6cb76-6mnb8
31.72,True,face-recognition-5-deployment-59c5b6cb76-6mnb8
31.72,True,face-recognition-5-deployment-59c5b6cb76-6mnb8
31.72,True,face-recognition-5-deployment-59c5b6cb76-6mnb8
31.72,True,face-recognition-5-deployment-59c5b6cb76-6mnb8
31.72,True,face-recognition-5-deployment-59c5b6cb76-6mnb8
31.72,True,face-recognition-5-deployment-59c5b6cb76-6mnb8
31.72,True,face-recognition-5-deployment-59c5b6cb76-6mnb8
31.72,True,face-recognition-5-deployment-59c5b6cb76-6mnb8
31.72,True,face-recognition-5-deployment-59c5b6cb76-6mnb8
31.72,True,face-recognition-5-deployment-59c5b6cb76-6mnb8
31.72,True,face-recognition-5-deployment-59c5b6cb76-6mnb8
31.72,True,face-recognition-5-deployment-59c5b6cb76-6mnb8
22.92,True,face-recognition-5-deployment-59c5b6cb76-6mnb8
22.92,True,face-recognition-5-deployment-59c5b6cb76-6mnb8
22.92,True,face-recognition-5-deployment-59c5b6cb76-6mnb8
22.92,True,face-recognition-5-deployment-59c5b6cb76-6mnb8
22.92,True,face-recognition-5-deployment-59c5b6cb76-6mnb8
22.92,True,face-recognition-5-deployment-59c5b6cb76-6mnb8
22.92,True,face-recognition-5-deployment-59c5b6cb76-6mnb8
22.92,True,face-recognition-5-deployment-59c5b6cb76-6mnb8
22.92,True,face-recognition-5-deployment-59c5b6cb76-6mnb8
22.92,True,face-recognition-5-deployment-59c5b6cb76-6mnb8
22.92,True,face-recognition-5-deployment-59c5b6cb76-6mnb8
22.92,True,face-recognition-5-deployment-59c5b6cb76-6mnb8
22.92,True,face-recognition-5-deployment-59c5b6cb76-6mnb8
22.92,True,face-recognition-5-deployment-59c5b6cb76-6mnb8
22.92,True,face-recognition-5-deployment-59c5b6cb76-6mnb8
22.92,True,face-recognition-5-deployment-59c5b6cb76-6mnb8
22.92,True,face-recognition-5-deployment-59c5b6cb76-6mnb8
22.92,True,face-recognition-5-deployment-59c5b6cb76-6mnb8
22.92,True,face-recognition-5-deployment-59c5b6cb76-6mnb8
22.92,True,face-recognition-5-deployment-59c5b6cb76-6mnb8
22.92,True,face-recognition-5-deployment-59c5b6cb76-6mnb8
22.92,True,face-recognition-5-deployment-59c5b6cb76-6mnb8
22.92,True,face-recognition-5-deployment-59c5b6cb76-6mnb8
22.92,True,face-recognition-5-deployment-59c5b6cb76-6mnb8
22.92,True,face-recognition-5-deployment-59c5b6cb76-6mnb8
22.92,True,face-recognition-5-deployment-59c5b6cb76-6mnb8
24.57,True,face-recognition-5-deployment-59c5b6cb76-6mnb8
24.57,True,face-recognition-5-deployment-59c5b6cb76-6mnb8
24.57,True,face-recognition-5-deployment-59c5b6cb76-6mnb8
24.57,True,face-recognition-5-deployment-59c5b6cb76-6mnb8
24.57,True,face-recognition-5-deployment-59c5b6cb76-6mnb8
24.57,True,face-recognition-5-deployment-59c5b6cb76-6mnb8
24.57,True,face-recognition-5-deployment-59c5b6cb76-6mnb8
24.57,True,face-recognition-5-deployment-59c5b6cb76-6mnb8
24.57,True,face-recognition-5-deployment-59c5b6cb76-6mnb8
24.57,True,face-recognition-5-deployment-59c5b6cb76-6mnb8
24.57,True,face-recognition-5-deployment-59c5b6cb76-6mnb8
24.57,True,face-recognition-5-deployment-59c5b6cb76-6mnb8
24.57,True,face-recognition-5-deployment-59c5b6cb76-6mnb8
24.57,True,face-recognition-5-deployment-59c5b6cb76-6mnb8
24.57,True,face-recognition-5-deployment-59c5b6cb76-6mnb8
24.57,True,face-recognition-5-deployment-59c5b6cb76-6mnb8
24.57,True,face-recognition-5-deployment-59c5b6cb76-6mnb8
24.57,True,face-recognition-5-deployment-59c5b6cb76-6mnb8
24.57,True,face-recognition-5-deployment-59c5b6cb76-6mnb8
24.57,True,face-recognition-5-deployment-59c5b6cb76-6mnb8
24.57,True,face-recognition-5-deployment-59c5b6cb76-6mnb8
24.57,True,face-recognition-5-deployment-59c5b6cb76-6mnb8
24.57,True,face-recognition-5-deployment-59c5b6cb76-6mnb8
24.57,True,face-recognition-5-deployment-59c5b6cb76-6mnb8
24.57,True,face-recognition-5-deployment-59c5b6cb76-6mnb8
24.57,True,face-recognition-5-deployment-59c5b6cb76-6mnb8
24.66,True,face-recognition-5-deployment-59c5b6cb76-6mnb8
24.66,True,face-recognition-5-deployment-59c5b6cb76-6mnb8
24.66,True,face-recognition-5-deployment-59c5b6cb76-6mnb8
24.66,True,face-recognition-5-deployment-59c5b6cb76-6mnb8
24.66,True,face-recognition-5-deployment-59c5b6cb76-6mnb8
24.66,True,face-recognition-5-deployment-59c5b6cb76-6mnb8
24.66,True,face-recognition-5-deployment-59c5b6cb76-6mnb8
24.66,True,face-recognition-5-deployment-59c5b6cb76-6mnb8
24.66,True,face-recognition-5-deployment-59c5b6cb76-6mnb8
24.66,True,face-recognition-5-deployment-59c5b6cb76-6mnb8
24.66,True,face-recognition-5-deployment-59c5b6cb76-6mnb8
24.66,True,face-recognition-5-deployment-59c5b6cb76-6mnb8
24.66,True,face-recognition-5-deployment-59c5b6cb76-6mnb8
24.66,True,face-recognition-5-deployment-59c5b6cb76-6mnb8
24.66,True,face-recognition-5-deployment-59c5b6cb76-6mnb8
24.66,True,face-recognition-5-deployment-59c5b6cb76-6mnb8
24.66,True,face-recognition-5-deployment-59c5b6cb76-6mnb8
24.66,True,face-recognition-5-deployment-59c5b6cb76-6mnb8
24.66,True,face-recognition-5-deployment-59c5b6cb76-6mnb8
24.66,True,face-recognition-5-deployment-59c5b6cb76-6mnb8
24.66,True,face-recognition-5-deployment-59c5b6cb76-6mnb8
24.66,True,face-recognition-5-deployment-59c5b6cb76-6mnb8
24.66,True,face-recognition-5-deployment-59c5b6cb76-6mnb8
24.66,True,face-recognition-5-deployment-59c5b6cb76-6mnb8
23.19,True,face-recognition-5-deployment-59c5b6cb76-6mnb8
23.19,True,face-recognition-5-deployment-59c5b6cb76-6mnb8
23.19,True,face-recognition-5-deployment-59c5b6cb76-6mnb8
23.19,True,face-recognition-5-deployment-59c5b6cb76-6mnb8
23.19,True,face-recognition-5-deployment-59c5b6cb76-6mnb8
23.19,True,face-recognition-5-deployment-59c5b6cb76-6mnb8
23.19,False,face-recognition-5-deployment-59c5b6cb76-6mnb8
23.19,False,face-recognition-5-deployment-59c5b6cb76-6mnb8
23.19,False,face-recognition-5-deployment-59c5b6cb76-6mnb8
23.19,False,face-recognition-5-deployment-59c5b6cb76-6mnb8
23.19,False,face-recognition-5-deployment-59c5b6cb76-6mnb8
23.19,False,face-recognition-5-deployment-59c5b6cb76-6mnb8
23.19,False,face-recognition-5-deployment-59c5b6cb76-6mnb8
23.19,False,face-recognition-5-deployment-59c5b6cb76-6mnb8
23.19,False,face-recognition-5-deployment-59c5b6cb76-6mnb8
23.19,False,face-recognition-5-deployment-59c5b6cb76-6mnb8
23.19,False,face-recognition-5-deployment-59c5b6cb76-6mnb8
23.19,False,face-recognition-5-deployment-59c5b6cb76-6mnb8
23.19,False,face-recognition-5-deployment-59c5b6cb76-6mnb8
23.19,False,face-recognition-5-deployment-59c5b6cb76-6mnb8
23.19,False,face-recognition-5-deployment-59c5b6cb76-6mnb8
23.19,False,face-recognition-5-deployment-59c5b6cb76-6mnb8
23.19,False,face-recognition-5-deployment-59c5b6cb76-6mnb8
23.19,False,face-recognition-5-deployment-59c5b6cb76-6mnb8
23.19,False,face-recognition-5-deployment-59c5b6cb76-6mnb8
23.19,False,face-recognition-5-deployment-59c5b6cb76-6mnb8
23.19,False,face-recognition-5-deployment-59c5b6cb76-6mnb8
23.19,False,face-recognition-5-deployment-59c5b6cb76-6mnb8
23.19,False,face-recognition-5-deployment-59c5b6cb76-6mnb8
23.19,False,face-recognition-5-deployment-59c5b6cb76-6mnb8
23.19,False,face-recognition-5-deployment-59c5b6cb76-6mnb8
23.19,False,face-recognition-5-deployment-59c5b6cb76-6mnb8
23.19,False,face-recognition-5-deployment-59c5b6cb76-6mnb8
23.19,False,face-recognition-5-deployment-59c5b6cb76-6mnb8
23.19,False,face-recognition-5-deployment-59c5b6cb76-6mnb8
23.19,False,face-recognition-5-deployment-59c5b6cb76-6mnb8
23.19,False,face-recognition-5-deployment-59c5b6cb76-6mnb8
23.19,False,face-recognition-5-deployment-59c5b6cb76-6mnb8
23.19,False,face-recognition-5-deployment-59c5b6cb76-6mnb8
23.19,False,face-recognition-5-deployment-59c5b6cb76-6mnb8
23.19,False,face-recognition-5-deployment-59c5b6cb76-6mnb8
23.19,False,face-recognition-5-deployment-59c5b6cb76-6mnb8
23.19,False,face-recognition-5-deployment-59c5b6cb76-6mnb8
23.19,False,face-recognition-5-deployment-59c5b6cb76-6mnb8
23.19,False,face-recognition-5-deployment-59c5b6cb76-6mnb8
23.19,False,face-recognition-5-deployment-59c5b6cb76-6mnb8
23.19,False,face-recognition-5-deployment-59c5b6cb76-6mnb8
23.19,False,face-recognition-5-deployment-59c5b6cb76-6mnb8
23.19,True,face-recognition-5-deployment-59c5b6cb76-6mnb8
23.19,True,face-recognition-5-deployment-59c5b6cb76-6mnb8
23.19,True,face-recognition-5-deployment-59c5b6cb76-6mnb8
23.19,True,face-recognition-5-deployment-59c5b6cb76-6mnb8
23.19,True,face-recognition-5-deployment-59c5b6cb76-6mnb8
23.19,True,face-recognition-5-deployment-59c5b6cb76-6mnb8
50.51,True,face-recognition-5-deployment-59c5b6cb76-6mnb8
50.51,True,face-recognition-5-deployment-59c5b6cb76-6mnb8
50.51,True,face-recognition-5-deployment-59c5b6cb76-6mnb8
50.51,True,face-recognition-5-deployment-59c5b6cb76-6mnb8
50.51,True,face-recognition-5-deployment-59c5b6cb76-6mnb8
50.51,True,face-recognition-5-deployment-59c5b6cb76-6mnb8
50.51,True,face-recognition-5-deployment-59c5b6cb76-6mnb8
50.51,True,face-recognition-5-deployment-59c5b6cb76-6mnb8
50.51,True,face-recognition-5-deployment-59c5b6cb76-6mnb8
50.51,True,face-recognition-5-deployment-59c5b6cb76-6mnb8
50.51,True,face-recognition-5-deployment-59c5b6cb76-6mnb8
50.51,True,face-recognition-5-deployment-59c5b6cb76-6mnb8
50.51,True,face-recognition-5-deployment-59c5b6cb76-6mnb8
50.51,True,face-recognition-5-deployment-59c5b6cb76-6mnb8
50.51,True,face-recognition-5-deployment-59c5b6cb76-6mnb8
50.51,True,face-recognition-5-deployment-59c5b6cb76-6mnb8
50.51,True,face-recognition-5-deployment-59c5b6cb76-6mnb8
50.51,True,face-recognition-5-deployment-59c5b6cb76-6mnb8
50.51,True,face-recognition-5-deployment-59c5b6cb76-6mnb8
50.51,True,face-recognition-5-deployment-59c5b6cb76-6mnb8
50.51,True,face-recognition-5-deployment-59c5b6cb76-6mnb8
50.51,True,face-recognition-5-deployment-59c5b6cb76-6mnb8
50.51,True,face-recognition-5-deployment-59c5b6cb76-6mnb8
50.51,True,face-recognition-5-deployment-59c5b6cb76-6mnb8
22.86,True,face-recognition-5-deployment-59c5b6cb76-6mnb8
22.86,True,face-recognition-5-deployment-59c5b6cb76-6mnb8
22.86,True,face-recognition-5-deployment-59c5b6cb76-6mnb8
22.86,True,face-recognition-5-deployment-59c5b6cb76-6mnb8
22.86,True,face-recognition-5-deployment-59c5b6cb76-6mnb8
22.86,True,face-recognition-5-deployment-59c5b6cb76-6mnb8
22.86,True,face-recognition-5-deployment-59c5b6cb76-6mnb8
22.86,True,face-recognition-5-deployment-59c5b6cb76-6mnb8
22.86,True,face-recognition-5-deployment-59c5b6cb76-6mnb8
22.86,True,face-recognition-5-deployment-59c5b6cb76-6mnb8
22.86,True,face-recognition-5-deployment-59c5b6cb76-6mnb8
22.86,True,face-recognition-5-deployment-59c5b6cb76-6mnb8
22.86,True,face-recognition-5-deployment-59c5b6cb76-6mnb8
22.86,True,face-recognition-5-deployment-59c5b6cb76-6mnb8
22.86,True,face-recognition-5-deployment-59c5b6cb76-6mnb8
22.86,True,face-recognition-5-deployment-59c5b6cb76-6mnb8
22.86,True,face-recognition-5-deployment-59c5b6cb76-6mnb8
22.86,True,face-recognition-5-deployment-59c5b6cb76-6mnb8
22.86,True,face-recognition-5-deployment-59c5b6cb76-6mnb8
22.86,True,face-recognition-5-deployment-59c5b6cb76-6mnb8
22.86,True,face-recognition-5-deployment-59c5b6cb76-6mnb8
22.86,True,face-recognition-5-deployment-59c5b6cb76-6mnb8
22.86,True,face-recognition-5-deployment-59c5b6cb76-6mnb8
22.86,True,face-recognition-5-deployment-59c5b6cb76-6mnb8
23.34,True,face-recognition-5-deployment-59c5b6cb76-6mnb8
23.34,True,face-recognition-5-deployment-59c5b6cb76-6mnb8
23.34,True,face-recognition-5-deployment-59c5b6cb76-6mnb8
23.34,True,face-recognition-5-deployment-59c5b6cb76-6mnb8
23.34,True,face-recognition-5-deployment-59c5b6cb76-6mnb8
23.34,True,face-recognition-5-deployment-59c5b6cb76-6mnb8
23.34,True,face-recognition-5-deployment-59c5b6cb76-6mnb8
23.34,True,face-recognition-5-deployment-59c5b6cb76-6mnb8
23.34,True,face-recognition-5-deployment-59c5b6cb76-6mnb8
23.34,True,face-recognition-5-deployment-59c5b6cb76-6mnb8
23.34,True,face-recognition-5-deployment-59c5b6cb76-6mnb8
23.34,True,face-recognition-5-deployment-59c5b6cb76-6mnb8
23.34,True,face-recognition-5-deployment-59c5b6cb76-6mnb8
23.34,True,face-recognition-5-deployment-59c5b6cb76-6mnb8
23.34,True,face-recognition-5-deployment-59c5b6cb76-6mnb8
23.34,True,face-recognition-5-deployment-59c5b6cb76-6mnb8
23.34,True,face-recognition-5-deployment-59c5b6cb76-6mnb8
23.34,True,face-recognition-5-deployment-59c5b6cb76-6mnb8
23.34,True,face-recognition-5-deployment-59c5b6cb76-6mnb8
23.34,True,face-recognition-5-deployment-59c5b6cb76-6mnb8
23.34,True,face-recognition-5-deployment-59c5b6cb76-6mnb8
23.34,True,face-recognition-5-deployment-59c5b6cb76-6mnb8
23.34,True,face-recognition-5-deployment-59c5b6cb76-6mnb8
23.34,True,face-recognition-5-deployment-59c5b6cb76-6mnb8
23.31,True,face-recognition-5-deployment-59c5b6cb76-6mnb8
23.31,True,face-recognition-5-deployment-59c5b6cb76-6mnb8
23.31,True,face-recognition-5-deployment-59c5b6cb76-6mnb8
23.31,True,face-recognition-5-deployment-59c5b6cb76-6mnb8
23.31,True,face-recognition-5-deployment-59c5b6cb76-6mnb8
23.31,True,face-recognition-5-deployment-59c5b6cb76-6mnb8
23.31,True,face-recognition-5-deployment-59c5b6cb76-6mnb8
23.31,True,face-recognition-5-deployment-59c5b6cb76-6mnb8
23.31,True,face-recognition-5-deployment-59c5b6cb76-6mnb8
23.31,True,face-recognition-5-deployment-59c5b6cb76-6mnb8
23.31,True,face-recognition-5-deployment-59c5b6cb76-6mnb8
23.31,True,face-recognition-5-deployment-59c5b6cb76-6mnb8
23.31,True,face-recognition-5-deployment-59c5b6cb76-6mnb8
23.31,True,face-recognition-5-deployment-59c5b6cb76-6mnb8
23.31,True,face-recognition-5-deployment-59c5b6cb76-6mnb8
23.31,True,face-recognition-5-deployment-59c5b6cb76-6mnb8
23.31,True,face-recognition-5-deployment-59c5b6cb76-6mnb8
23.31,True,face-recognition-5-deployment-59c5b6cb76-6mnb8
23.31,True,face-recognition-5-deployment-59c5b6cb76-6mnb8
23.31,True,face-recognition-5-deployment-59c5b6cb76-6mnb8
23.31,True,face-recognition-5-deployment-59c5b6cb76-6mnb8
23.31,True,face-recognition-5-deployment-59c5b6cb76-6mnb8
23.31,True,face-recognition-5-deployment-59c5b6cb76-6mnb8
23.31,True,face-recognition-5-deployment-59c5b6cb76-6mnb8
23.31,True,face-recognition-5-deployment-59c5b6cb76-6mnb8
23.31,True,face-recognition-5-deployment-59c5b6cb76-6mnb8
23.31,True,face-recognition-5-deployment-59c5b6cb76-6mnb8
23.31,True,face-recognition-5-deployment-59c5b6cb76-6mnb8
23.31,True,face-recognition-5-deployment-59c5b6cb76-6mnb8
23.31,True,face-recognition-5-deployment-59c5b6cb76-6mnb8
23.31,True,face-recognition-5-deployment-59c5b6cb76-6mnb8
23.31,True,face-recognition-5-deployment-59c5b6cb76-6mnb8
23.31,True,face-recognition-5-deployment-59c5b6cb76-6mnb8
23.31,True,face-recognition-5-deployment-59c5b6cb76-6mnb8
23.31,True,face-recognition-5-deployment-59c5b6cb76-6mnb8
23.31,True,face-recognition-5-deployment-59c5b6cb76-6mnb8
23.31,True,face-recognition-5-deployment-59c5b6cb76-6mnb8
23.31,True,face-recognition-5-deployment-59c5b6cb76-6mnb8
37.02,True,face-recognition-5-deployment-59c5b6cb76-6mnb8
37.02,True,face-recognition-5-deployment-59c5b6cb76-6mnb8
37.02,True,face-recognition-5-deployment-59c5b6cb76-6mnb8
37.02,True,face-recognition-5-deployment-59c5b6cb76-6mnb8
37.02,True,face-recognition-5-deployment-59c5b6cb76-6mnb8
37.02,True,face-recognition-5-deployment-59c5b6cb76-6mnb8
37.02,True,face-recognition-5-deployment-59c5b6cb76-6mnb8
37.02,True,face-recognition-5-deployment-59c5b6cb76-6mnb8
37.02,True,face-recognition-5-deployment-59c5b6cb76-6mnb8
37.02,True,face-recognition-5-deployment-59c5b6cb76-6mnb8
37.02,True,face-recognition-5-deployment-59c5b6cb76-6mnb8
37.02,True,face-recognition-5-deployment-59c5b6cb76-6mnb8
37.02,True,face-recognition-5-deployment-59c5b6cb76-6mnb8
37.02,True,face-recognition-5-deployment-59c5b6cb76-6mnb8
37.02,True,face-recognition-5-deployment-59c5b6cb76-6mnb8
37.02,True,face-recognition-5-deployment-59c5b6cb76-6mnb8
37.02,True,face-recognition-5-deployment-59c5b6cb76-6mnb8
37.02,True,face-recognition-5-deployment-59c5b6cb76-6mnb8
37.02,True,face-recognition-5-deployment-59c5b6cb76-6mnb8
37.02,True,face-recognition-5-deployment-59c5b6cb76-6mnb8
37.02,True,face-recognition-5-deployment-59c5b6cb76-6mnb8
37.02,True,face-recognition-5-deployment-59c5b6cb76-6mnb8
37.02,True,face-recognition-5-deployment-59c5b6cb76-6mnb8
37.02,True,face-recognition-5-deployment-59c5b6cb76-6mnb8
23.18,True,face-recognition-5-deployment-59c5b6cb76-6mnb8
23.18,True,face-recognition-5-deployment-59c5b6cb76-6mnb8
23.18,True,face-recognition-5-deployment-59c5b6cb76-6mnb8
23.18,True,face-recognition-5-deployment-59c5b6cb76-6mnb8
23.18,True,face-recognition-5-deployment-59c5b6cb76-6mnb8
23.18,True,face-recognition-5-deployment-59c5b6cb76-6mnb8
23.18,True,face-recognition-5-deployment-59c5b6cb76-6mnb8
23.18,True,face-recognition-5-deployment-59c5b6cb76-6mnb8
23.18,True,face-recognition-5-deployment-59c5b6cb76-6mnb8
23.18,True,face-recognition-5-deployment-59c5b6cb76-6mnb8
23.18,True,face-recognition-5-deployment-59c5b6cb76-6mnb8
23.18,True,face-recognition-5-deployment-59c5b6cb76-6mnb8
23.18,True,face-recognition-5-deployment-59c5b6cb76-6mnb8
23.18,True,face-recognition-5-deployment-59c5b6cb76-6mnb8
23.18,True,face-recognition-5-deployment-59c5b6cb76-6mnb8
23.18,True,face-recognition-5-deployment-59c5b6cb76-6mnb8
23.18,True,face-recognition-5-deployment-59c5b6cb76-6mnb8
23.18,True,face-recognition-5-deployment-59c5b6cb76-6mnb8
23.18,True,face-recognition-5-deployment-59c5b6cb76-6mnb8
23.18,True,face-recognition-5-deployment-59c5b6cb76-6mnb8
23.18,True,face-recognition-5-deployment-59c5b6cb76-6mnb8
23.18,True,face-recognition-5-deployment-59c5b6cb76-6mnb8
23.18,True,face-recognition-5-deployment-59c5b6cb76-6mnb8
23.18,True,face-recognition-5-deployment-59c5b6cb76-6mnb8
23.18,True,face-recognition-5-deployment-59c5b6cb76-6mnb8
23.18,True,face-recognition-5-deployment-59c5b6cb76-6mnb8
23.18,True,face-recognition-5-deployment-59c5b6cb76-6mnb8
23.18,True,face-recognition-5-deployment-59c5b6cb76-6mnb8
23.18,True,face-recognition-5-deployment-59c5b6cb76-6mnb8
23.18,True,face-recognition-5-deployment-59c5b6cb76-6mnb8
28.05,True,face-recognition-5-deployment-59c5b6cb76-6mnb8
28.05,True,face-recognition-5-deployment-59c5b6cb76-6mnb8
28.05,True,face-recognition-5-deployment-59c5b6cb76-6mnb8
28.05,True,face-recognition-5-deployment-59c5b6cb76-6mnb8
28.05,True,face-recognition-5-deployment-59c5b6cb76-6mnb8
28.05,True,face-recognition-5-deployment-59c5b6cb76-6mnb8
28.05,True,face-recognition-5-deployment-59c5b6cb76-6mnb8
28.05,True,face-recognition-5-deployment-59c5b6cb76-6mnb8
28.05,True,face-recognition-5-deployment-59c5b6cb76-6mnb8
28.05,True,face-recognition-5-deployment-59c5b6cb76-6mnb8
28.05,True,face-recognition-5-deployment-59c5b6cb76-6mnb8
28.05,True,face-recognition-5-deployment-59c5b6cb76-6mnb8
28.05,True,face-recognition-5-deployment-59c5b6cb76-6mnb8
28.05,True,face-recognition-5-deployment-59c5b6cb76-6mnb8
28.05,True,face-recognition-5-deployment-59c5b6cb76-6mnb8
28.05,True,face-recognition-5-deployment-59c5b6cb76-6mnb8
28.05,True,face-recognition-5-deployment-59c5b6cb76-6mnb8
28.05,True,face-recognition-5-deployment-59c5b6cb76-6mnb8
28.05,True,face-recognition-5-deployment-59c5b6cb76-6mnb8
28.05,True,face-recognition-5-deployment-59c5b6cb76-6mnb8
28.05,True,face-recognition-5-deployment-59c5b6cb76-6mnb8
28.05,True,face-recognition-5-deployment-59c5b6cb76-6mnb8
28.05,True,face-recognition-5-deployment-59c5b6cb76-6mnb8
28.05,True,face-recognition-5-deployment-59c5b6cb76-6mnb8
28.05,True,face-recognition-5-deployment-59c5b6cb76-6mnb8
28.05,True,face-recognition-5-deployment-59c5b6cb76-6mnb8
28.05,True,face-recognition-5-deployment-59c5b6cb76-6mnb8
28.05,True,face-recognition-5-deployment-59c5b6cb76-6mnb8
28.05,True,face-recognition-5-deployment-59c5b6cb76-6mnb8
28.05,True,face-recognition-5-deployment-59c5b6cb76-6mnb8
27.84,True,face-recognition-5-deployment-59c5b6cb76-6mnb8
27.84,True,face-recognition-5-deployment-59c5b6cb76-6mnb8
27.84,True,face-recognition-5-deployment-59c5b6cb76-6mnb8
27.84,True,face-recognition-5-deployment-59c5b6cb76-6mnb8
27.84,True,face-recognition-5-deployment-59c5b6cb76-6mnb8
27.84,True,face-recognition-5-deployment-59c5b6cb76-6mnb8
27.84,True,face-recognition-5-deployment-59c5b6cb76-6mnb8
27.84,True,face-recognition-5-deployment-59c5b6cb76-6mnb8
27.84,True,face-recognition-5-deployment-59c5b6cb76-6mnb8
27.84,True,face-recognition-5-deployment-59c5b6cb76-6mnb8
27.84,True,face-recognition-5-deployment-59c5b6cb76-6mnb8
27.84,True,face-recognition-5-deployment-59c5b6cb76-6mnb8
27.84,True,face-recognition-5-deployment-59c5b6cb76-6mnb8
27.84,True,face-recognition-5-deployment-59c5b6cb76-6mnb8
27.84,True,face-recognition-5-deployment-59c5b6cb76-6mnb8
27.84,True,face-recognition-5-deployment-59c5b6cb76-6mnb8
27.84,True,face-recognition-5-deployment-59c5b6cb76-6mnb8
27.84,True,face-recognition-5-deployment-59c5b6cb76-6mnb8
27.84,True,face-recognition-5-deployment-59c5b6cb76-6mnb8
27.84,True,face-recognition-5-deployment-59c5b6cb76-6mnb8
27.84,True,face-recognition-5-deployment-59c5b6cb76-6mnb8
27.84,True,face-recognition-5-deployment-59c5b6cb76-6mnb8
27.84,True,face-recognition-5-deployment-59c5b6cb76-6mnb8
27.84,True,face-recognition-5-deployment-59c5b6cb76-6mnb8
23.24,True,face-recognition-5-deployment-59c5b6cb76-6mnb8
23.24,True,face-recognition-5-deployment-59c5b6cb76-6mnb8
23.24,True,face-recognition-5-deployment-59c5b6cb76-6mnb8
23.24,True,face-recognition-5-deployment-59c5b6cb76-6mnb8
23.24,True,face-recognition-5-deployment-59c5b6cb76-6mnb8
23.24,True,face-recognition-5-deployment-59c5b6cb76-6mnb8
23.24,True,face-recognition-5-deployment-59c5b6cb76-6mnb8
23.24,True,face-recognition-5-deployment-59c5b6cb76-6mnb8
23.24,True,face-recognition-5-deployment-59c5b6cb76-6mnb8
23.24,True,face-recognition-5-deployment-59c5b6cb76-6mnb8
23.24,True,face-recognition-5-deployment-59c5b6cb76-6mnb8
23.24,True,face-recognition-5-deployment-59c5b6cb76-6mnb8
23.24,True,face-recognition-5-deployment-59c5b6cb76-6mnb8
23.24,True,face-recognition-5-deployment-59c5b6cb76-6mnb8
23.24,True,face-recognition-5-deployment-59c5b6cb76-6mnb8
23.24,True,face-recognition-5-deployment-59c5b6cb76-6mnb8
23.24,False,face-recognition-5-deployment-59c5b6cb76-6mnb8
23.24,False,face-recognition-5-deployment-59c5b6cb76-6mnb8
23.24,False,face-recognition-5-deployment-59c5b6cb76-6mnb8
23.24,False,face-recognition-5-deployment-59c5b6cb76-6mnb8
23.24,False,face-recognition-5-deployment-59c5b6cb76-6mnb8
23.24,False,face-recognition-5-deployment-59c5b6cb76-6mnb8
23.24,True,face-recognition-5-deployment-59c5b6cb76-6mnb8
23.24,True,face-recognition-5-deployment-59c5b6cb76-6mnb8
23.32,True,face-recognition-5-deployment-59c5b6cb76-6mnb8
23.32,True,face-recognition-5-deployment-59c5b6cb76-6mnb8
23.32,True,face-recognition-5-deployment-59c5b6cb76-6mnb8
23.32,True,face-recognition-5-deployment-59c5b6cb76-6mnb8
23.32,False,face-recognition-5-deployment-59c5b6cb76-6mnb8
23.32,False,face-recognition-5-deployment-59c5b6cb76-6mnb8
23.32,True,face-recognition-5-deployment-59c5b6cb76-6mnb8
23.32,True,face-recognition-5-deployment-59c5b6cb76-6mnb8
23.32,True,face-recognition-5-deployment-59c5b6cb76-6mnb8
23.32,True,face-recognition-5-deployment-59c5b6cb76-6mnb8
23.32,True,face-recognition-5-deployment-59c5b6cb76-6mnb8
23.32,True,face-recognition-5-deployment-59c5b6cb76-6mnb8
23.32,True,face-recognition-5-deployment-59c5b6cb76-6mnb8
23.32,True,face-recognition-5-deployment-59c5b6cb76-6mnb8
23.32,True,face-recognition-5-deployment-59c5b6cb76-6mnb8
23.32,True,face-recognition-5-deployment-59c5b6cb76-6mnb8
23.32,True,face-recognition-5-deployment-59c5b6cb76-6mnb8
23.32,True,face-recognition-5-deployment-59c5b6cb76-6mnb8
23.32,True,face-recognition-5-deployment-59c5b6cb76-6mnb8
23.32,True,face-recognition-5-deployment-59c5b6cb76-6mnb8
23.32,True,face-recognition-5-deployment-59c5b6cb76-6mnb8
23.32,True,face-recognition-5-deployment-59c5b6cb76-6mnb8
23.32,True,face-recognition-5-deployment-59c5b6cb76-6mnb8
23.32,True,face-recognition-5-deployment-59c5b6cb76-6mnb8
23.32,True,face-recognition-5-deployment-59c5b6cb76-6mnb8
23.32,True,face-recognition-5-deployment-59c5b6cb76-6mnb8
23.32,True,face-recognition-5-deployment-59c5b6cb76-6mnb8
23.32,True,face-recognition-5-deployment-59c5b6cb76-6mnb8
25.87,True,face-recognition-5-deployment-59c5b6cb76-6mnb8
25.87,True,face-recognition-5-deployment-59c5b6cb76-6mnb8
25.87,True,face-recognition-5-deployment-59c5b6cb76-6mnb8
25.87,True,face-recognition-5-deployment-59c5b6cb76-6mnb8
25.87,True,face-recognition-5-deployment-59c5b6cb76-6mnb8
25.87,True,face-recognition-5-deployment-59c5b6cb76-6mnb8
25.87,True,face-recognition-5-deployment-59c5b6cb76-6mnb8
25.87,True,face-recognition-5-deployment-59c5b6cb76-6mnb8
25.87,True,face-recognition-5-deployment-59c5b6cb76-6mnb8
25.87,True,face-recognition-5-deployment-59c5b6cb76-6mnb8
25.87,True,face-recognition-5-deployment-59c5b6cb76-6mnb8
25.87,True,face-recognition-5-deployment-59c5b6cb76-6mnb8
25.87,True,face-recognition-5-deployment-59c5b6cb76-6mnb8
25.87,True,face-recognition-5-deployment-59c5b6cb76-6mnb8
25.87,True,face-recognition-5-deployment-59c5b6cb76-6mnb8
25.87,True,face-recognition-5-deployment-59c5b6cb76-6mnb8
25.87,True,face-recognition-5-deployment-59c5b6cb76-6mnb8
25.87,True,face-recognition-5-deployment-59c5b6cb76-6mnb8
25.87,True,face-recognition-5-deployment-59c5b6cb76-6mnb8
25.87,True,face-recognition-5-deployment-59c5b6cb76-6mnb8
25.87,True,face-recognition-5-deployment-59c5b6cb76-6mnb8
25.87,True,face-recognition-5-deployment-59c5b6cb76-6mnb8
25.87,True,face-recognition-5-deployment-59c5b6cb76-6mnb8
25.87,True,face-recognition-5-deployment-59c5b6cb76-6mnb8
23.21,True,face-recognition-5-deployment-59c5b6cb76-6mnb8
23.21,True,face-recognition-5-deployment-59c5b6cb76-6mnb8
23.21,True,face-recognition-5-deployment-59c5b6cb76-6mnb8
23.21,True,face-recognition-5-deployment-59c5b6cb76-6mnb8
23.21,True,face-recognition-5-deployment-59c5b6cb76-6mnb8
23.21,True,face-recognition-5-deployment-59c5b6cb76-6mnb8
23.21,True,face-recognition-5-deployment-59c5b6cb76-6mnb8
23.21,True,face-recognition-5-deployment-59c5b6cb76-6mnb8
23.21,True,face-recognition-5-deployment-59c5b6cb76-6mnb8
23.21,True,face-recognition-5-deployment-59c5b6cb76-6mnb8
23.21,True,face-recognition-5-deployment-59c5b6cb76-6mnb8
23.21,True,face-recognition-5-deployment-59c5b6cb76-6mnb8
23.21,True,face-recognition-5-deployment-59c5b6cb76-6mnb8
23.21,True,face-recognition-5-deployment-59c5b6cb76-6mnb8
23.21,True,face-recognition-5-deployment-59c5b6cb76-6mnb8
23.21,True,face-recognition-5-deployment-59c5b6cb76-6mnb8
23.21,True,face-recognition-5-deployment-59c5b6cb76-6mnb8
23.21,True,face-recognition-5-deployment-59c5b6cb76-6mnb8
23.21,True,face-recognition-5-deployment-59c5b6cb76-6mnb8
23.21,True,face-recognition-5-deployment-59c5b6cb76-6mnb8
23.21,True,face-recognition-5-deployment-59c5b6cb76-6mnb8
23.21,True,face-recognition-5-deployment-59c5b6cb76-6mnb8
23.21,True,face-recognition-5-deployment-59c5b6cb76-6mnb8
23.21,True,face-recognition-5-deployment-59c5b6cb76-6mnb8
23.3,True,face-recognition-5-deployment-59c5b6cb76-6mnb8
23.3,True,face-recognition-5-deployment-59c5b6cb76-6mnb8
23.3,True,face-recognition-5-deployment-59c5b6cb76-6mnb8
23.3,True,face-recognition-5-deployment-59c5b6cb76-6mnb8
23.3,True,face-recognition-5-deployment-59c5b6cb76-6mnb8
23.3,True,face-recognition-5-deployment-59c5b6cb76-6mnb8
23.3,True,face-recognition-5-deployment-59c5b6cb76-6mnb8
23.3,True,face-recognition-5-deployment-59c5b6cb76-6mnb8
23.3,True,face-recognition-5-deployment-59c5b6cb76-6mnb8
23.3,True,face-recognition-5-deployment-59c5b6cb76-6mnb8
23.3,True,face-recognition-5-deployment-59c5b6cb76-6mnb8
23.3,True,face-recognition-5-deployment-59c5b6cb76-6mnb8
23.3,True,face-recognition-5-deployment-59c5b6cb76-6mnb8
23.3,True,face-recognition-5-deployment-59c5b6cb76-6mnb8
23.3,True,face-recognition-5-deployment-59c5b6cb76-6mnb8
23.3,True,face-recognition-5-deployment-59c5b6cb76-6mnb8
23.3,True,face-recognition-5-deployment-59c5b6cb76-6mnb8
23.3,True,face-recognition-5-deployment-59c5b6cb76-6mnb8
23.3,True,face-recognition-5-deployment-59c5b6cb76-6mnb8
23.3,True,face-recognition-5-deployment-59c5b6cb76-6mnb8
23.3,True,face-recognition-5-deployment-59c5b6cb76-6mnb8
23.3,True,face-recognition-5-deployment-59c5b6cb76-6mnb8
23.3,True,face-recognition-5-deployment-59c5b6cb76-6mnb8
23.3,True,face-recognition-5-deployment-59c5b6cb76-6mnb8
23.26,True,face-recognition-5-deployment-59c5b6cb76-6mnb8
23.26,True,face-recognition-5-deployment-59c5b6cb76-6mnb8
23.26,True,face-recognition-5-deployment-59c5b6cb76-6mnb8
23.26,True,face-recognition-5-deployment-59c5b6cb76-6mnb8
23.26,True,face-recognition-5-deployment-59c5b6cb76-6mnb8
23.26,True,face-recognition-5-deployment-59c5b6cb76-6mnb8
23.26,True,face-recognition-5-deployment-59c5b6cb76-6mnb8
23.26,True,face-recognition-5-deployment-59c5b6cb76-6mnb8
23.26,True,face-recognition-5-deployment-59c5b6cb76-6mnb8
23.26,True,face-recognition-5-deployment-59c5b6cb76-6mnb8
23.26,True,face-recognition-5-deployment-59c5b6cb76-6mnb8
23.26,True,face-recognition-5-deployment-59c5b6cb76-6mnb8
23.26,True,face-recognition-5-deployment-59c5b6cb76-6mnb8
23.26,True,face-recognition-5-deployment-59c5b6cb76-6mnb8
23.26,True,face-recognition-5-deployment-59c5b6cb76-6mnb8
23.26,True,face-recognition-5-deployment-59c5b6cb76-6mnb8
23.26,True,face-recognition-5-deployment-59c5b6cb76-6mnb8
23.26,True,face-recognition-5-deployment-59c5b6cb76-6mnb8
23.26,True,face-recognition-5-deployment-59c5b6cb76-6mnb8
23.26,True,face-recognition-5-deployment-59c5b6cb76-6mnb8
23.26,True,face-recognition-5-deployment-59c5b6cb76-6mnb8
23.26,True,face-recognition-5-deployment-59c5b6cb76-6mnb8
23.26,True,face-recognition-5-deployment-59c5b6cb76-6mnb8
23.26,True,face-recognition-5-deployment-59c5b6cb76-6mnb8
23.34,True,face-recognition-5-deployment-59c5b6cb76-6mnb8
23.34,True,face-recognition-5-deployment-59c5b6cb76-6mnb8
23.34,True,face-recognition-5-deployment-59c5b6cb76-6mnb8
23.34,True,face-recognition-5-deployment-59c5b6cb76-6mnb8
23.34,True,face-recognition-5-deployment-59c5b6cb76-6mnb8
23.34,True,face-recognition-5-deployment-59c5b6cb76-6mnb8
23.34,True,face-recognition-5-deployment-59c5b6cb76-6mnb8
23.34,True,face-recognition-5-deployment-59c5b6cb76-6mnb8
23.34,True,face-recognition-5-deployment-59c5b6cb76-6mnb8
23.34,True,face-recognition-5-deployment-59c5b6cb76-6mnb8
23.34,True,face-recognition-5-deployment-59c5b6cb76-6mnb8
23.34,True,face-recognition-5-deployment-59c5b6cb76-6mnb8
23.34,True,face-recognition-5-deployment-59c5b6cb76-6mnb8
23.34,True,face-recognition-5-deployment-59c5b6cb76-6mnb8
23.34,True,face-recognition-5-deployment-59c5b6cb76-6mnb8
23.34,True,face-recognition-5-deployment-59c5b6cb76-6mnb8
23.34,True,face-recognition-5-deployment-59c5b6cb76-6mnb8
23.34,True,face-recognition-5-deployment-59c5b6cb76-6mnb8
23.34,True,face-recognition-5-deployment-59c5b6cb76-6mnb8
23.34,True,face-recognition-5-deployment-59c5b6cb76-6mnb8
23.34,True,face-recognition-5-deployment-59c5b6cb76-6mnb8
23.34,True,face-recognition-5-deployment-59c5b6cb76-6mnb8
23.34,True,face-recognition-5-deployment-59c5b6cb76-6mnb8
23.34,True,face-recognition-5-deployment-59c5b6cb76-6mnb8
23.19,True,face-recognition-5-deployment-59c5b6cb76-6mnb8
23.19,True,face-recognition-5-deployment-59c5b6cb76-6mnb8
23.19,True,face-recognition-5-deployment-59c5b6cb76-6mnb8
23.19,True,face-recognition-5-deployment-59c5b6cb76-6mnb8
23.19,True,face-recognition-5-deployment-59c5b6cb76-6mnb8
23.19,True,face-recognition-5-deployment-59c5b6cb76-6mnb8
23.19,True,face-recognition-5-deployment-59c5b6cb76-6mnb8
23.19,True,face-recognition-5-deployment-59c5b6cb76-6mnb8
23.19,True,face-recognition-5-deployment-59c5b6cb76-6mnb8
23.19,True,face-recognition-5-deployment-59c5b6cb76-6mnb8
23.19,True,face-recognition-5-deployment-59c5b6cb76-6mnb8
23.19,True,face-recognition-5-deployment-59c5b6cb76-6mnb8
23.19,True,face-recognition-5-deployment-59c5b6cb76-6mnb8
23.19,True,face-recognition-5-deployment-59c5b6cb76-6mnb8
23.19,True,face-recognition-5-deployment-59c5b6cb76-6mnb8
23.19,True,face-recognition-5-deployment-59c5b6cb76-6mnb8
23.19,True,face-recognition-5-deployment-59c5b6cb76-6mnb8
23.19,True,face-recognition-5-deployment-59c5b6cb76-6mnb8
23.19,True,face-recognition-5-deployment-59c5b6cb76-6mnb8
23.19,True,face-recognition-5-deployment-59c5b6cb76-6mnb8
23.19,True,face-recognition-5-deployment-59c5b6cb76-6mnb8
23.19,True,face-recognition-5-deployment-59c5b6cb76-6mnb8
23.19,True,face-recognition-5-deployment-59c5b6cb76-6mnb8
23.19,True,face-recognition-5-deployment-59c5b6cb76-6mnb8
22.97,True,face-recognition-5-deployment-59c5b6cb76-6mnb8
22.97,True,face-recognition-5-deployment-59c5b6cb76-6mnb8
22.97,True,face-recognition-5-deployment-59c5b6cb76-6mnb8
22.97,True,face-recognition-5-deployment-59c5b6cb76-6mnb8
22.97,True,face-recognition-5-deployment-59c5b6cb76-6mnb8
22.97,True,face-recognition-5-deployment-59c5b6cb76-6mnb8
22.97,True,face-recognition-5-deployment-59c5b6cb76-6mnb8
22.97,True,face-recognition-5-deployment-59c5b6cb76-6mnb8
22.97,True,face-recognition-5-deployment-59c5b6cb76-6mnb8
22.97,True,face-recognition-5-deployment-59c5b6cb76-6mnb8
22.97,True,face-recognition-5-deployment-59c5b6cb76-6mnb8
22.97,True,face-recognition-5-deployment-59c5b6cb76-6mnb8
22.97,True,face-recognition-5-deployment-59c5b6cb76-6mnb8
22.97,True,face-recognition-5-deployment-59c5b6cb76-6mnb8
22.97,True,face-recognition-5-deployment-59c5b6cb76-6mnb8
22.97,True,face-recognition-5-deployment-59c5b6cb76-6mnb8
22.97,True,face-recognition-5-deployment-59c5b6cb76-6mnb8
22.97,True,face-recognition-5-deployment-59c5b6cb76-6mnb8
22.97,True,face-recognition-5-deployment-59c5b6cb76-6mnb8
22.97,True,face-recognition-5-deployment-59c5b6cb76-6mnb8
22.97,True,face-recognition-5-deployment-59c5b6cb76-6mnb8
22.97,True,face-recognition-5-deployment-59c5b6cb76-6mnb8
22.97,True,face-recognition-5-deployment-59c5b6cb76-6mnb8
22.97,True,face-recognition-5-deployment-59c5b6cb76-6mnb8
23.19,True,face-recognition-5-deployment-59c5b6cb76-6mnb8
23.19,True,face-recognition-5-deployment-59c5b6cb76-6mnb8
23.19,True,face-recognition-5-deployment-59c5b6cb76-6mnb8
23.19,True,face-recognition-5-deployment-59c5b6cb76-6mnb8
23.19,True,face-recognition-5-deployment-59c5b6cb76-6mnb8
23.19,True,face-recognition-5-deployment-59c5b6cb76-6mnb8
23.19,True,face-recognition-5-deployment-59c5b6cb76-6mnb8
23.19,True,face-recognition-5-deployment-59c5b6cb76-6mnb8
23.19,True,face-recognition-5-deployment-59c5b6cb76-6mnb8
23.19,True,face-recognition-5-deployment-59c5b6cb76-6mnb8
23.19,True,face-recognition-5-deployment-59c5b6cb76-6mnb8
23.19,True,face-recognition-5-deployment-59c5b6cb76-6mnb8
23.19,True,face-recognition-5-deployment-59c5b6cb76-6mnb8
23.19,True,face-recognition-5-deployment-59c5b6cb76-6mnb8
23.19,True,face-recognition-5-deployment-59c5b6cb76-6mnb8
23.19,True,face-recognition-5-deployment-59c5b6cb76-6mnb8
23.19,True,face-recognition-5-deployment-59c5b6cb76-6mnb8
23.19,True,face-recognition-5-deployment-59c5b6cb76-6mnb8
23.19,True,face-recognition-5-deployment-59c5b6cb76-6mnb8
23.19,True,face-recognition-5-deployment-59c5b6cb76-6mnb8
23.19,True,face-recognition-5-deployment-59c5b6cb76-6mnb8
23.19,True,face-recognition-5-deployment-59c5b6cb76-6mnb8
23.19,True,face-recognition-5-deployment-59c5b6cb76-6mnb8
23.19,True,face-recognition-5-deployment-59c5b6cb76-6mnb8
23.19,True,face-recognition-5-deployment-59c5b6cb76-6mnb8
23.19,True,face-recognition-5-deployment-59c5b6cb76-6mnb8
24.73,True,face-recognition-5-deployment-59c5b6cb76-6mnb8
24.73,True,face-recognition-5-deployment-59c5b6cb76-6mnb8
24.73,True,face-recognition-5-deployment-59c5b6cb76-6mnb8
24.73,True,face-recognition-5-deployment-59c5b6cb76-6mnb8
24.73,True,face-recognition-5-deployment-59c5b6cb76-6mnb8
24.73,True,face-recognition-5-deployment-59c5b6cb76-6mnb8
24.73,False,face-recognition-5-deployment-59c5b6cb76-6mnb8
24.73,False,face-recognition-5-deployment-59c5b6cb76-6mnb8
24.73,False,face-recognition-5-deployment-59c5b6cb76-6mnb8
24.73,False,face-recognition-5-deployment-59c5b6cb76-6mnb8
24.73,False,face-recognition-5-deployment-59c5b6cb76-6mnb8
24.73,False,face-recognition-5-deployment-59c5b6cb76-6mnb8
24.73,False,face-recognition-5-deployment-59c5b6cb76-6mnb8
24.73,False,face-recognition-5-deployment-59c5b6cb76-6mnb8
24.73,True,face-recognition-5-deployment-59c5b6cb76-6mnb8
24.73,True,face-recognition-5-deployment-59c5b6cb76-6mnb8
24.73,True,face-recognition-5-deployment-59c5b6cb76-6mnb8
24.73,True,face-recognition-5-deployment-59c5b6cb76-6mnb8
24.73,True,face-recognition-5-deployment-59c5b6cb76-6mnb8
24.73,True,face-recognition-5-deployment-59c5b6cb76-6mnb8
24.73,True,face-recognition-5-deployment-59c5b6cb76-6mnb8
24.73,True,face-recognition-5-deployment-59c5b6cb76-6mnb8
24.73,False,face-recognition-5-deployment-59c5b6cb76-6mnb8
24.73,False,face-recognition-5-deployment-59c5b6cb76-6mnb8
23.01,False,face-recognition-5-deployment-59c5b6cb76-6mnb8
23.01,False,face-recognition-5-deployment-59c5b6cb76-6mnb8
23.01,False,face-recognition-5-deployment-59c5b6cb76-6mnb8
23.01,False,face-recognition-5-deployment-59c5b6cb76-6mnb8
23.01,False,face-recognition-5-deployment-59c5b6cb76-6mnb8
23.01,False,face-recognition-5-deployment-59c5b6cb76-6mnb8
23.01,False,face-recognition-5-deployment-59c5b6cb76-6mnb8
23.01,False,face-recognition-5-deployment-59c5b6cb76-6mnb8
23.01,True,face-recognition-5-deployment-59c5b6cb76-6mnb8
23.01,True,face-recognition-5-deployment-59c5b6cb76-6mnb8
23.01,True,face-recognition-5-deployment-59c5b6cb76-6mnb8
23.01,True,face-recognition-5-deployment-59c5b6cb76-6mnb8
23.01,True,face-recognition-5-deployment-59c5b6cb76-6mnb8
23.01,True,face-recognition-5-deployment-59c5b6cb76-6mnb8
23.01,True,face-recognition-5-deployment-59c5b6cb76-6mnb8
23.01,True,face-recognition-5-deployment-59c5b6cb76-6mnb8
23.01,True,face-recognition-5-deployment-59c5b6cb76-6mnb8
23.01,True,face-recognition-5-deployment-59c5b6cb76-6mnb8
23.01,True,face-recognition-5-deployment-59c5b6cb76-6mnb8
23.01,True,face-recognition-5-deployment-59c5b6cb76-6mnb8
23.01,True,face-recognition-5-deployment-59c5b6cb76-6mnb8
23.01,True,face-recognition-5-deployment-59c5b6cb76-6mnb8
23.01,True,face-recognition-5-deployment-59c5b6cb76-6mnb8
23.01,True,face-recognition-5-deployment-59c5b6cb76-6mnb8
23.01,True,face-recognition-5-deployment-59c5b6cb76-6mnb8
23.01,True,face-recognition-5-deployment-59c5b6cb76-6mnb8
24.44,True,face-recognition-5-deployment-59c5b6cb76-6mnb8
24.44,True,face-recognition-5-deployment-59c5b6cb76-6mnb8
24.44,True,face-recognition-5-deployment-59c5b6cb76-6mnb8
24.44,True,face-recognition-5-deployment-59c5b6cb76-6mnb8
24.44,True,face-recognition-5-deployment-59c5b6cb76-6mnb8
24.44,True,face-recognition-5-deployment-59c5b6cb76-6mnb8
24.44,True,face-recognition-5-deployment-59c5b6cb76-6mnb8
24.44,True,face-recognition-5-deployment-59c5b6cb76-6mnb8
24.44,True,face-recognition-5-deployment-59c5b6cb76-6mnb8
24.44,True,face-recognition-5-deployment-59c5b6cb76-6mnb8
24.44,True,face-recognition-5-deployment-59c5b6cb76-6mnb8
24.44,True,face-recognition-5-deployment-59c5b6cb76-6mnb8
24.44,True,face-recognition-5-deployment-59c5b6cb76-6mnb8
24.44,True,face-recognition-5-deployment-59c5b6cb76-6mnb8
24.44,True,face-recognition-5-deployment-59c5b6cb76-6mnb8
24.44,True,face-recognition-5-deployment-59c5b6cb76-6mnb8
24.44,True,face-recognition-5-deployment-59c5b6cb76-6mnb8
24.44,True,face-recognition-5-deployment-59c5b6cb76-6mnb8
24.44,True,face-recognition-5-deployment-59c5b6cb76-6mnb8
24.44,True,face-recognition-5-deployment-59c5b6cb76-6mnb8
24.44,True,face-recognition-5-deployment-59c5b6cb76-6mnb8
24.44,True,face-recognition-5-deployment-59c5b6cb76-6mnb8
24.44,True,face-recognition-5-deployment-59c5b6cb76-6mnb8
24.44,True,face-recognition-5-deployment-59c5b6cb76-6mnb8
24.44,True,face-recognition-5-deployment-59c5b6cb76-6mnb8
24.44,True,face-recognition-5-deployment-59c5b6cb76-6mnb8
24.44,True,face-recognition-5-deployment-59c5b6cb76-6mnb8
24.44,True,face-recognition-5-deployment-59c5b6cb76-6mnb8
26.46,True,face-recognition-5-deployment-59c5b6cb76-6mnb8
26.46,True,face-recognition-5-deployment-59c5b6cb76-6mnb8
26.46,True,face-recognition-5-deployment-59c5b6cb76-6mnb8
26.46,True,face-recognition-5-deployment-59c5b6cb76-6mnb8
26.46,True,face-recognition-5-deployment-59c5b6cb76-6mnb8
26.46,True,face-recognition-5-deployment-59c5b6cb76-6mnb8
26.46,True,face-recognition-5-deployment-59c5b6cb76-6mnb8
26.46,True,face-recognition-5-deployment-59c5b6cb76-6mnb8
26.46,True,face-recognition-5-deployment-59c5b6cb76-6mnb8
26.46,True,face-recognition-5-deployment-59c5b6cb76-6mnb8
26.46,True,face-recognition-5-deployment-59c5b6cb76-6mnb8
26.46,True,face-recognition-5-deployment-59c5b6cb76-6mnb8
26.46,True,face-recognition-5-deployment-59c5b6cb76-6mnb8
26.46,True,face-recognition-5-deployment-59c5b6cb76-6mnb8
26.46,True,face-recognition-5-deployment-59c5b6cb76-6mnb8
26.46,True,face-recognition-5-deployment-59c5b6cb76-6mnb8
26.46,True,face-recognition-5-deployment-59c5b6cb76-6mnb8
26.46,True,face-recognition-5-deployment-59c5b6cb76-6mnb8
26.46,True,face-recognition-5-deployment-59c5b6cb76-6mnb8
26.46,True,face-recognition-5-deployment-59c5b6cb76-6mnb8
26.46,True,face-recognition-5-deployment-59c5b6cb76-6mnb8
26.46,True,face-recognition-5-deployment-59c5b6cb76-6mnb8
26.46,True,face-recognition-5-deployment-59c5b6cb76-6mnb8
26.46,True,face-recognition-5-deployment-59c5b6cb76-6mnb8
26.46,True,face-recognition-5-deployment-59c5b6cb76-6mnb8
26.46,True,face-recognition-5-deployment-59c5b6cb76-6mnb8
26.46,True,face-recognition-5-deployment-59c5b6cb76-6mnb8
26.46,True,face-recognition-5-deployment-59c5b6cb76-6mnb8
26.46,True,face-recognition-5-deployment-59c5b6cb76-6mnb8
26.46,True,face-recognition-5-deployment-59c5b6cb76-6mnb8
26.46,True,face-recognition-5-deployment-59c5b6cb76-6mnb8
26.46,True,face-recognition-5-deployment-59c5b6cb76-6mnb8
29.9,True,face-recognition-5-deployment-59c5b6cb76-6mnb8
29.9,True,face-recognition-5-deployment-59c5b6cb76-6mnb8
29.9,True,face-recognition-5-deployment-59c5b6cb76-6mnb8
29.9,True,face-recognition-5-deployment-59c5b6cb76-6mnb8
29.9,True,face-recognition-5-deployment-59c5b6cb76-6mnb8
29.9,True,face-recognition-5-deployment-59c5b6cb76-6mnb8
29.9,True,face-recognition-5-deployment-59c5b6cb76-6mnb8
29.9,True,face-recognition-5-deployment-59c5b6cb76-6mnb8
29.9,True,face-recognition-5-deployment-59c5b6cb76-6mnb8
29.9,True,face-recognition-5-deployment-59c5b6cb76-6mnb8
29.9,True,face-recognition-5-deployment-59c5b6cb76-6mnb8
29.9,True,face-recognition-5-deployment-59c5b6cb76-6mnb8
29.9,True,face-recognition-5-deployment-59c5b6cb76-6mnb8
29.9,True,face-recognition-5-deployment-59c5b6cb76-6mnb8
29.9,True,face-recognition-5-deployment-59c5b6cb76-6mnb8
29.9,True,face-recognition-5-deployment-59c5b6cb76-6mnb8
29.9,True,face-recognition-5-deployment-59c5b6cb76-6mnb8
29.9,True,face-recognition-5-deployment-59c5b6cb76-6mnb8
29.9,True,face-recognition-5-deployment-59c5b6cb76-6mnb8
29.9,True,face-recognition-5-deployment-59c5b6cb76-6mnb8
29.9,True,face-recognition-5-deployment-59c5b6cb76-6mnb8
29.9,True,face-recognition-5-deployment-59c5b6cb76-6mnb8
29.9,True,face-recognition-5-deployment-59c5b6cb76-6mnb8
29.9,True,face-recognition-5-deployment-59c5b6cb76-6mnb8
29.9,True,face-recognition-5-deployment-59c5b6cb76-6mnb8
29.9,True,face-recognition-5-deployment-59c5b6cb76-6mnb8
24.97,True,face-recognition-5-deployment-59c5b6cb76-6mnb8
24.97,True,face-recognition-5-deployment-59c5b6cb76-6mnb8
24.97,True,face-recognition-5-deployment-59c5b6cb76-6mnb8
24.97,True,face-recognition-5-deployment-59c5b6cb76-6mnb8
24.97,True,face-recognition-5-deployment-59c5b6cb76-6mnb8
24.97,True,face-recognition-5-deployment-59c5b6cb76-6mnb8
24.97,True,face-recognition-5-deployment-59c5b6cb76-6mnb8
24.97,True,face-recognition-5-deployment-59c5b6cb76-6mnb8
24.97,True,face-recognition-5-deployment-59c5b6cb76-6mnb8
24.97,True,face-recognition-5-deployment-59c5b6cb76-6mnb8
24.97,True,face-recognition-5-deployment-59c5b6cb76-6mnb8
24.97,True,face-recognition-5-deployment-59c5b6cb76-6mnb8
24.97,True,face-recognition-5-deployment-59c5b6cb76-6mnb8
24.97,True,face-recognition-5-deployment-59c5b6cb76-6mnb8
24.97,True,face-recognition-5-deployment-59c5b6cb76-6mnb8
24.97,True,face-recognition-5-deployment-59c5b6cb76-6mnb8
24.97,True,face-recognition-5-deployment-59c5b6cb76-6mnb8
24.97,True,face-recognition-5-deployment-59c5b6cb76-6mnb8
24.97,True,face-recognition-5-deployment-59c5b6cb76-6mnb8
24.97,True,face-recognition-5-deployment-59c5b6cb76-6mnb8
24.97,True,face-recognition-5-deployment-59c5b6cb76-6mnb8
24.97,True,face-recognition-5-deployment-59c5b6cb76-6mnb8
24.97,True,face-recognition-5-deployment-59c5b6cb76-6mnb8
24.97,True,face-recognition-5-deployment-59c5b6cb76-6mnb8
23.15,True,face-recognition-5-deployment-59c5b6cb76-6mnb8
23.15,True,face-recognition-5-deployment-59c5b6cb76-6mnb8
23.15,True,face-recognition-5-deployment-59c5b6cb76-6mnb8
23.15,True,face-recognition-5-deployment-59c5b6cb76-6mnb8
23.15,True,face-recognition-5-deployment-59c5b6cb76-6mnb8
23.15,True,face-recognition-5-deployment-59c5b6cb76-6mnb8
23.15,True,face-recognition-5-deployment-59c5b6cb76-6mnb8
23.15,True,face-recognition-5-deployment-59c5b6cb76-6mnb8
23.15,True,face-recognition-5-deployment-59c5b6cb76-6mnb8
23.15,True,face-recognition-5-deployment-59c5b6cb76-6mnb8
23.15,True,face-recognition-5-deployment-59c5b6cb76-6mnb8
23.15,True,face-recognition-5-deployment-59c5b6cb76-6mnb8
23.15,True,face-recognition-5-deployment-59c5b6cb76-6mnb8
23.15,True,face-recognition-5-deployment-59c5b6cb76-6mnb8
23.15,True,face-recognition-5-deployment-59c5b6cb76-6mnb8
23.15,True,face-recognition-5-deployment-59c5b6cb76-6mnb8
23.15,True,face-recognition-5-deployment-59c5b6cb76-6mnb8
23.15,True,face-recognition-5-deployment-59c5b6cb76-6mnb8
23.15,True,face-recognition-5-deployment-59c5b6cb76-6mnb8
23.15,True,face-recognition-5-deployment-59c5b6cb76-6mnb8
23.15,True,face-recognition-5-deployment-59c5b6cb76-6mnb8
23.15,True,face-recognition-5-deployment-59c5b6cb76-6mnb8
23.15,True,face-recognition-5-deployment-59c5b6cb76-6mnb8
23.15,True,face-recognition-5-deployment-59c5b6cb76-6mnb8
23.15,True,face-recognition-5-deployment-59c5b6cb76-6mnb8
23.15,True,face-recognition-5-deployment-59c5b6cb76-6mnb8
24.69,True,face-recognition-5-deployment-59c5b6cb76-6mnb8
24.69,True,face-recognition-5-deployment-59c5b6cb76-6mnb8
24.69,True,face-recognition-5-deployment-59c5b6cb76-6mnb8
24.69,True,face-recognition-5-deployment-59c5b6cb76-6mnb8
24.69,True,face-recognition-5-deployment-59c5b6cb76-6mnb8
24.69,True,face-recognition-5-deployment-59c5b6cb76-6mnb8
24.69,True,face-recognition-5-deployment-59c5b6cb76-6mnb8
24.69,True,face-recognition-5-deployment-59c5b6cb76-6mnb8
24.69,True,face-recognition-5-deployment-59c5b6cb76-6mnb8
24.69,True,face-recognition-5-deployment-59c5b6cb76-6mnb8
24.69,True,face-recognition-5-deployment-59c5b6cb76-6mnb8
24.69,True,face-recognition-5-deployment-59c5b6cb76-6mnb8
24.69,True,face-recognition-5-deployment-59c5b6cb76-6mnb8
24.69,True,face-recognition-5-deployment-59c5b6cb76-6mnb8
24.69,True,face-recognition-5-deployment-59c5b6cb76-6mnb8
24.69,True,face-recognition-5-deployment-59c5b6cb76-6mnb8
24.69,True,face-recognition-5-deployment-59c5b6cb76-6mnb8
24.69,True,face-recognition-5-deployment-59c5b6cb76-6mnb8
24.69,True,face-recognition-5-deployment-59c5b6cb76-6mnb8
24.69,True,face-recognition-5-deployment-59c5b6cb76-6mnb8
24.69,True,face-recognition-5-deployment-59c5b6cb76-6mnb8
24.69,True,face-recognition-5-deployment-59c5b6cb76-6mnb8
24.69,True,face-recognition-5-deployment-59c5b6cb76-6mnb8
24.69,True,face-recognition-5-deployment-59c5b6cb76-6mnb8
24.69,True,face-recognition-5-deployment-59c5b6cb76-6mnb8
24.69,True,face-recognition-5-deployment-59c5b6cb76-6mnb8
24.69,True,face-recognition-5-deployment-59c5b6cb76-6mnb8
24.69,True,face-recognition-5-deployment-59c5b6cb76-6mnb8
24.69,True,face-recognition-5-deployment-59c5b6cb76-6mnb8
24.69,True,face-recognition-5-deployment-59c5b6cb76-6mnb8
24.69,True,face-recognition-5-deployment-59c5b6cb76-6mnb8
24.69,True,face-recognition-5-deployment-59c5b6cb76-6mnb8
24.69,True,face-recognition-5-deployment-59c5b6cb76-6mnb8
24.69,True,face-recognition-5-deployment-59c5b6cb76-6mnb8
24.69,True,face-recognition-5-deployment-59c5b6cb76-6mnb8
24.69,True,face-recognition-5-deployment-59c5b6cb76-6mnb8
24.69,True,face-recognition-5-deployment-59c5b6cb76-6mnb8
24.69,True,face-recognition-5-deployment-59c5b6cb76-6mnb8
24.69,True,face-recognition-5-deployment-59c5b6cb76-6mnb8
24.69,True,face-recognition-5-deployment-59c5b6cb76-6mnb8
24.69,True,face-recognition-5-deployment-59c5b6cb76-6mnb8
24.69,True,face-recognition-5-deployment-59c5b6cb76-6mnb8
24.69,True,face-recognition-5-deployment-59c5b6cb76-6mnb8
24.69,True,face-recognition-5-deployment-59c5b6cb76-6mnb8
24.69,True,face-recognition-5-deployment-59c5b6cb76-6mnb8
24.69,True,face-recognition-5-deployment-59c5b6cb76-6mnb8
24.69,True,face-recognition-5-deployment-59c5b6cb76-6mnb8
24.69,True,face-recognition-5-deployment-59c5b6cb76-6mnb8
24.69,True,face-recognition-5-deployment-59c5b6cb76-6mnb8
24.69,True,face-recognition-5-deployment-59c5b6cb76-6mnb8
24.69,True,face-recognition-5-deployment-59c5b6cb76-6mnb8
24.69,True,face-recognition-5-deployment-59c5b6cb76-6mnb8
24.69,True,face-recognition-5-deployment-59c5b6cb76-6mnb8
24.69,True,face-recognition-5-deployment-59c5b6cb76-6mnb8
24.69,True,face-recognition-5-deployment-59c5b6cb76-6mnb8
24.69,True,face-recognition-5-deployment-59c5b6cb76-6mnb8
55.63,True,face-recognition-5-deployment-59c5b6cb76-6mnb8
55.63,True,face-recognition-5-deployment-59c5b6cb76-6mnb8
55.63,True,face-recognition-5-deployment-59c5b6cb76-6mnb8
55.63,True,face-recognition-5-deployment-59c5b6cb76-6mnb8
55.63,True,face-recognition-5-deployment-59c5b6cb76-6mnb8
55.63,True,face-recognition-5-deployment-59c5b6cb76-6mnb8
55.63,True,face-recognition-5-deployment-59c5b6cb76-6mnb8
55.63,True,face-recognition-5-deployment-59c5b6cb76-6mnb8
55.63,True,face-recognition-5-deployment-59c5b6cb76-6mnb8
55.63,True,face-recognition-5-deployment-59c5b6cb76-6mnb8
55.63,True,face-recognition-5-deployment-59c5b6cb76-6mnb8
55.63,True,face-recognition-5-deployment-59c5b6cb76-6mnb8
55.63,True,face-recognition-5-deployment-59c5b6cb76-6mnb8
55.63,True,face-recognition-5-deployment-59c5b6cb76-6mnb8
55.63,True,face-recognition-5-deployment-59c5b6cb76-6mnb8
55.63,True,face-recognition-5-deployment-59c5b6cb76-6mnb8
55.63,True,face-recognition-5-deployment-59c5b6cb76-6mnb8
55.63,True,face-recognition-5-deployment-59c5b6cb76-6mnb8
55.63,True,face-recognition-5-deployment-59c5b6cb76-6mnb8
55.63,True,face-recognition-5-deployment-59c5b6cb76-6mnb8
55.63,True,face-recognition-5-deployment-59c5b6cb76-6mnb8
55.63,True,face-recognition-5-deployment-59c5b6cb76-6mnb8
55.63,True,face-recognition-5-deployment-59c5b6cb76-6mnb8
55.63,True,face-recognition-5-deployment-59c5b6cb76-6mnb8
55.63,True,face-recognition-5-deployment-59c5b6cb76-6mnb8
55.63,True,face-recognition-5-deployment-59c5b6cb76-6mnb8
55.63,True,face-recognition-5-deployment-59c5b6cb76-6mnb8
55.63,True,face-recognition-5-deployment-59c5b6cb76-6mnb8
55.63,True,face-recognition-5-deployment-59c5b6cb76-6mnb8
55.63,True,face-recognition-5-deployment-59c5b6cb76-6mnb8
55.63,True,face-recognition-5-deployment-59c5b6cb76-6mnb8
55.63,True,face-recognition-5-deployment-59c5b6cb76-6mnb8
31.78,True,face-recognition-5-deployment-59c5b6cb76-6mnb8
31.78,True,face-recognition-5-deployment-59c5b6cb76-6mnb8
31.78,True,face-recognition-5-deployment-59c5b6cb76-6mnb8
31.78,True,face-recognition-5-deployment-59c5b6cb76-6mnb8
31.78,True,face-recognition-5-deployment-59c5b6cb76-6mnb8
31.78,True,face-recognition-5-deployment-59c5b6cb76-6mnb8
31.78,True,face-recognition-5-deployment-59c5b6cb76-6mnb8
31.78,True,face-recognition-5-deployment-59c5b6cb76-6mnb8
31.78,True,face-recognition-5-deployment-59c5b6cb76-6mnb8
31.78,True,face-recognition-5-deployment-59c5b6cb76-6mnb8
31.78,True,face-recognition-5-deployment-59c5b6cb76-6mnb8
31.78,True,face-recognition-5-deployment-59c5b6cb76-6mnb8
31.78,True,face-recognition-5-deployment-59c5b6cb76-6mnb8
31.78,True,face-recognition-5-deployment-59c5b6cb76-6mnb8
31.78,True,face-recognition-5-deployment-59c5b6cb76-6mnb8
31.78,True,face-recognition-5-deployment-59c5b6cb76-6mnb8
31.78,True,face-recognition-5-deployment-59c5b6cb76-6mnb8
31.78,True,face-recognition-5-deployment-59c5b6cb76-6mnb8
31.78,True,face-recognition-5-deployment-59c5b6cb76-6mnb8
31.78,True,face-recognition-5-deployment-59c5b6cb76-6mnb8
31.78,True,face-recognition-5-deployment-59c5b6cb76-6mnb8
31.78,True,face-recognition-5-deployment-59c5b6cb76-6mnb8
31.78,True,face-recognition-5-deployment-59c5b6cb76-6mnb8
31.78,True,face-recognition-5-deployment-59c5b6cb76-6mnb8
31.78,True,face-recognition-5-deployment-59c5b6cb76-6mnb8
31.78,True,face-recognition-5-deployment-59c5b6cb76-6mnb8
24.75,True,face-recognition-5-deployment-59c5b6cb76-6mnb8
24.75,True,face-recognition-5-deployment-59c5b6cb76-6mnb8
24.75,True,face-recognition-5-deployment-59c5b6cb76-6mnb8
24.75,True,face-recognition-5-deployment-59c5b6cb76-6mnb8
24.75,True,face-recognition-5-deployment-59c5b6cb76-6mnb8
24.75,True,face-recognition-5-deployment-59c5b6cb76-6mnb8
24.75,True,face-recognition-5-deployment-59c5b6cb76-6mnb8
24.75,True,face-recognition-5-deployment-59c5b6cb76-6mnb8
24.75,True,face-recognition-5-deployment-59c5b6cb76-6mnb8
24.75,True,face-recognition-5-deployment-59c5b6cb76-6mnb8
24.75,True,face-recognition-5-deployment-59c5b6cb76-6mnb8
24.75,True,face-recognition-5-deployment-59c5b6cb76-6mnb8
24.75,True,face-recognition-5-deployment-59c5b6cb76-6mnb8
24.75,True,face-recognition-5-deployment-59c5b6cb76-6mnb8
24.75,True,face-recognition-5-deployment-59c5b6cb76-6mnb8
24.75,True,face-recognition-5-deployment-59c5b6cb76-6mnb8
24.75,True,face-recognition-5-deployment-59c5b6cb76-6mnb8
24.75,True,face-recognition-5-deployment-59c5b6cb76-6mnb8
24.75,True,face-recognition-5-deployment-59c5b6cb76-6mnb8
24.75,True,face-recognition-5-deployment-59c5b6cb76-6mnb8
24.75,True,face-recognition-5-deployment-59c5b6cb76-6mnb8
24.75,True,face-recognition-5-deployment-59c5b6cb76-6mnb8
24.75,True,face-recognition-5-deployment-59c5b6cb76-6mnb8
24.75,True,face-recognition-5-deployment-59c5b6cb76-6mnb8
24.75,True,face-recognition-5-deployment-59c5b6cb76-6mnb8
24.75,True,face-recognition-5-deployment-59c5b6cb76-6mnb8
24.75,True,face-recognition-5-deployment-59c5b6cb76-6mnb8
24.75,True,face-recognition-5-deployment-59c5b6cb76-6mnb8
24.75,True,face-recognition-5-deployment-59c5b6cb76-6mnb8
24.75,True,face-recognition-5-deployment-59c5b6cb76-6mnb8
24.75,True,face-recognition-5-deployment-59c5b6cb76-6mnb8
24.75,True,face-recognition-5-deployment-59c5b6cb76-6mnb8
30.38,True,face-recognition-5-deployment-59c5b6cb76-6mnb8
30.38,True,face-recognition-5-deployment-59c5b6cb76-6mnb8
30.38,True,face-recognition-5-deployment-59c5b6cb76-6mnb8
30.38,True,face-recognition-5-deployment-59c5b6cb76-6mnb8
30.38,True,face-recognition-5-deployment-59c5b6cb76-6mnb8
30.38,True,face-recognition-5-deployment-59c5b6cb76-6mnb8
30.38,True,face-recognition-5-deployment-59c5b6cb76-6mnb8
30.38,True,face-recognition-5-deployment-59c5b6cb76-6mnb8
30.38,True,face-recognition-5-deployment-59c5b6cb76-6mnb8
30.38,True,face-recognition-5-deployment-59c5b6cb76-6mnb8
30.38,True,face-recognition-5-deployment-59c5b6cb76-6mnb8
30.38,True,face-recognition-5-deployment-59c5b6cb76-6mnb8
30.38,True,face-recognition-5-deployment-59c5b6cb76-6mnb8
30.38,True,face-recognition-5-deployment-59c5b6cb76-6mnb8
30.38,True,face-recognition-5-deployment-59c5b6cb76-6mnb8
30.38,True,face-recognition-5-deployment-59c5b6cb76-6mnb8
30.38,True,face-recognition-5-deployment-59c5b6cb76-6mnb8
30.38,True,face-recognition-5-deployment-59c5b6cb76-6mnb8
30.38,True,face-recognition-5-deployment-59c5b6cb76-6mnb8
30.38,True,face-recognition-5-deployment-59c5b6cb76-6mnb8
30.38,True,face-recognition-5-deployment-59c5b6cb76-6mnb8
30.38,True,face-recognition-5-deployment-59c5b6cb76-6mnb8
30.38,True,face-recognition-5-deployment-59c5b6cb76-6mnb8
30.38,True,face-recognition-5-deployment-59c5b6cb76-6mnb8
30.38,True,face-recognition-5-deployment-59c5b6cb76-6mnb8
30.38,True,face-recognition-5-deployment-59c5b6cb76-6mnb8
30.38,True,face-recognition-5-deployment-59c5b6cb76-6mnb8
30.38,True,face-recognition-5-deployment-59c5b6cb76-6mnb8
26.52,True,face-recognition-5-deployment-59c5b6cb76-6mnb8
26.52,True,face-recognition-5-deployment-59c5b6cb76-6mnb8
26.52,True,face-recognition-5-deployment-59c5b6cb76-6mnb8
26.52,True,face-recognition-5-deployment-59c5b6cb76-6mnb8
26.52,True,face-recognition-5-deployment-59c5b6cb76-6mnb8
26.52,True,face-recognition-5-deployment-59c5b6cb76-6mnb8
26.52,True,face-recognition-5-deployment-59c5b6cb76-6mnb8
26.52,True,face-recognition-5-deployment-59c5b6cb76-6mnb8
26.52,True,face-recognition-5-deployment-59c5b6cb76-6mnb8
26.52,True,face-recognition-5-deployment-59c5b6cb76-6mnb8
26.52,True,face-recognition-5-deployment-59c5b6cb76-6mnb8
26.52,True,face-recognition-5-deployment-59c5b6cb76-6mnb8
26.52,True,face-recognition-5-deployment-59c5b6cb76-6mnb8
26.52,True,face-recognition-5-deployment-59c5b6cb76-6mnb8
26.52,True,face-recognition-5-deployment-59c5b6cb76-6mnb8
26.52,True,face-recognition-5-deployment-59c5b6cb76-6mnb8
26.52,True,face-recognition-5-deployment-59c5b6cb76-6mnb8
26.52,True,face-recognition-5-deployment-59c5b6cb76-6mnb8
26.52,True,face-recognition-5-deployment-59c5b6cb76-6mnb8
26.52,True,face-recognition-5-deployment-59c5b6cb76-6mnb8
26.52,True,face-recognition-5-deployment-59c5b6cb76-6mnb8
26.52,True,face-recognition-5-deployment-59c5b6cb76-6mnb8
26.52,True,face-recognition-5-deployment-59c5b6cb76-6mnb8
26.52,True,face-recognition-5-deployment-59c5b6cb76-6mnb8
26.52,True,face-recognition-5-deployment-59c5b6cb76-6mnb8
26.52,True,face-recognition-5-deployment-59c5b6cb76-6mnb8
26.52,True,face-recognition-5-deployment-59c5b6cb76-6mnb8
26.52,True,face-recognition-5-deployment-59c5b6cb76-6mnb8
26.52,True,face-recognition-5-deployment-59c5b6cb76-6mnb8
26.52,True,face-recognition-5-deployment-59c5b6cb76-6mnb8
26.52,True,face-recognition-5-deployment-59c5b6cb76-6mnb8
26.52,True,face-recognition-5-deployment-59c5b6cb76-6mnb8
26.52,True,face-recognition-5-deployment-59c5b6cb76-6mnb8
26.52,True,face-recognition-5-deployment-59c5b6cb76-6mnb8
26.52,True,face-recognition-5-deployment-59c5b6cb76-6mnb8
26.52,True,face-recognition-5-deployment-59c5b6cb76-6mnb8
26.52,True,face-recognition-5-deployment-59c5b6cb76-6mnb8
26.52,True,face-recognition-5-deployment-59c5b6cb76-6mnb8
26.52,True,face-recognition-5-deployment-59c5b6cb76-6mnb8
26.52,True,face-recognition-5-deployment-59c5b6cb76-6mnb8
26.52,False,face-recognition-5-deployment-59c5b6cb76-6mnb8
26.52,False,face-recognition-5-deployment-59c5b6cb76-6mnb8
26.52,True,face-recognition-5-deployment-59c5b6cb76-6mnb8
26.52,True,face-recognition-5-deployment-59c5b6cb76-6mnb8
26.52,True,face-recognition-5-deployment-59c5b6cb76-6mnb8
26.52,True,face-recognition-5-deployment-59c5b6cb76-6mnb8
26.52,True,face-recognition-5-deployment-59c5b6cb76-6mnb8
26.52,True,face-recognition-5-deployment-59c5b6cb76-6mnb8
26.52,True,face-recognition-5-deployment-59c5b6cb76-6mnb8
26.52,True,face-recognition-5-deployment-59c5b6cb76-6mnb8
26.52,True,face-recognition-5-deployment-59c5b6cb76-6mnb8
26.52,True,face-recognition-5-deployment-59c5b6cb76-6mnb8
26.52,True,face-recognition-5-deployment-59c5b6cb76-6mnb8
26.52,True,face-recognition-5-deployment-59c5b6cb76-6mnb8
26.52,True,face-recognition-5-deployment-59c5b6cb76-6mnb8
26.52,True,face-recognition-5-deployment-59c5b6cb76-6mnb8
26.52,True,face-recognition-5-deployment-59c5b6cb76-6mnb8
26.52,True,face-recognition-5-deployment-59c5b6cb76-6mnb8
54.19,True,face-recognition-5-deployment-59c5b6cb76-6mnb8
54.19,True,face-recognition-5-deployment-59c5b6cb76-6mnb8
54.19,True,face-recognition-5-deployment-59c5b6cb76-6mnb8
54.19,True,face-recognition-5-deployment-59c5b6cb76-6mnb8
54.19,True,face-recognition-5-deployment-59c5b6cb76-6mnb8
54.19,True,face-recognition-5-deployment-59c5b6cb76-6mnb8
54.19,True,face-recognition-5-deployment-59c5b6cb76-6mnb8
54.19,True,face-recognition-5-deployment-59c5b6cb76-6mnb8
54.19,True,face-recognition-5-deployment-59c5b6cb76-6mnb8
54.19,True,face-recognition-5-deployment-59c5b6cb76-6mnb8
54.19,True,face-recognition-5-deployment-59c5b6cb76-6mnb8
54.19,True,face-recognition-5-deployment-59c5b6cb76-6mnb8
54.19,True,face-recognition-5-deployment-59c5b6cb76-6mnb8
54.19,True,face-recognition-5-deployment-59c5b6cb76-6mnb8
54.19,True,face-recognition-5-deployment-59c5b6cb76-6mnb8
54.19,True,face-recognition-5-deployment-59c5b6cb76-6mnb8
54.19,True,face-recognition-5-deployment-59c5b6cb76-6mnb8
54.19,True,face-recognition-5-deployment-59c5b6cb76-6mnb8
54.19,True,face-recognition-5-deployment-59c5b6cb76-6mnb8
54.19,True,face-recognition-5-deployment-59c5b6cb76-6mnb8
54.19,True,face-recognition-5-deployment-59c5b6cb76-6mnb8
54.19,True,face-recognition-5-deployment-59c5b6cb76-6mnb8
54.19,True,face-recognition-5-deployment-59c5b6cb76-6mnb8
54.19,True,face-recognition-5-deployment-59c5b6cb76-6mnb8
23.33,False,face-recognition-5-deployment-59c5b6cb76-6mnb8
23.33,False,face-recognition-5-deployment-59c5b6cb76-6mnb8
23.33,False,face-recognition-5-deployment-59c5b6cb76-6mnb8
23.33,False,face-recognition-5-deployment-59c5b6cb76-6mnb8
23.33,False,face-recognition-5-deployment-59c5b6cb76-6mnb8
23.33,False,face-recognition-5-deployment-59c5b6cb76-6mnb8
23.33,False,face-recognition-5-deployment-59c5b6cb76-6mnb8
23.33,False,face-recognition-5-deployment-59c5b6cb76-6mnb8
23.33,False,face-recognition-5-deployment-59c5b6cb76-6mnb8
23.33,False,face-recognition-5-deployment-59c5b6cb76-6mnb8
23.33,False,face-recognition-5-deployment-59c5b6cb76-6mnb8
23.33,False,face-recognition-5-deployment-59c5b6cb76-6mnb8
23.33,False,face-recognition-5-deployment-59c5b6cb76-6mnb8
23.33,False,face-recognition-5-deployment-59c5b6cb76-6mnb8
23.33,False,face-recognition-5-deployment-59c5b6cb76-6mnb8
23.33,False,face-recognition-5-deployment-59c5b6cb76-6mnb8
23.33,False,face-recognition-5-deployment-59c5b6cb76-6mnb8
23.33,False,face-recognition-5-deployment-59c5b6cb76-6mnb8
23.33,False,face-recognition-5-deployment-59c5b6cb76-6mnb8
23.33,False,face-recognition-5-deployment-59c5b6cb76-6mnb8
23.33,False,face-recognition-5-deployment-59c5b6cb76-6mnb8
23.33,False,face-recognition-5-deployment-59c5b6cb76-6mnb8
23.33,False,face-recognition-5-deployment-59c5b6cb76-6mnb8
23.33,False,face-recognition-5-deployment-59c5b6cb76-6mnb8
23.33,False,face-recognition-5-deployment-59c5b6cb76-6mnb8
23.33,False,face-recognition-5-deployment-59c5b6cb76-6mnb8
23.33,False,face-recognition-5-deployment-59c5b6cb76-6mnb8
23.33,False,face-recognition-5-deployment-59c5b6cb76-6mnb8
23.33,True,face-recognition-5-deployment-59c5b6cb76-6mnb8
23.33,True,face-recognition-5-deployment-59c5b6cb76-6mnb8
23.33,True,face-recognition-5-deployment-59c5b6cb76-6mnb8
23.33,True,face-recognition-5-deployment-59c5b6cb76-6mnb8
23.33,True,face-recognition-5-deployment-59c5b6cb76-6mnb8
23.33,True,face-recognition-5-deployment-59c5b6cb76-6mnb8
23.33,True,face-recognition-5-deployment-59c5b6cb76-6mnb8
23.33,True,face-recognition-5-deployment-59c5b6cb76-6mnb8
23.33,True,face-recognition-5-deployment-59c5b6cb76-6mnb8
23.33,True,face-recognition-5-deployment-59c5b6cb76-6mnb8
23.33,True,face-recognition-5-deployment-59c5b6cb76-6mnb8
23.33,True,face-recognition-5-deployment-59c5b6cb76-6mnb8
23.33,True,face-recognition-5-deployment-59c5b6cb76-6mnb8
23.33,True,face-recognition-5-deployment-59c5b6cb76-6mnb8
23.33,True,face-recognition-5-deployment-59c5b6cb76-6mnb8
23.33,True,face-recognition-5-deployment-59c5b6cb76-6mnb8
23.33,True,face-recognition-5-deployment-59c5b6cb76-6mnb8
23.33,True,face-recognition-5-deployment-59c5b6cb76-6mnb8
23.33,True,face-recognition-5-deployment-59c5b6cb76-6mnb8
23.33,True,face-recognition-5-deployment-59c5b6cb76-6mnb8
23.33,True,face-recognition-5-deployment-59c5b6cb76-6mnb8
23.33,True,face-recognition-5-deployment-59c5b6cb76-6mnb8
23.33,True,face-recognition-5-deployment-59c5b6cb76-6mnb8
23.33,True,face-recognition-5-deployment-59c5b6cb76-6mnb8
49.89,True,face-recognition-5-deployment-59c5b6cb76-6mnb8
49.89,True,face-recognition-5-deployment-59c5b6cb76-6mnb8
49.89,True,face-recognition-5-deployment-59c5b6cb76-6mnb8
49.89,True,face-recognition-5-deployment-59c5b6cb76-6mnb8
49.89,True,face-recognition-5-deployment-59c5b6cb76-6mnb8
49.89,True,face-recognition-5-deployment-59c5b6cb76-6mnb8
49.89,True,face-recognition-5-deployment-59c5b6cb76-6mnb8
49.89,True,face-recognition-5-deployment-59c5b6cb76-6mnb8
49.89,True,face-recognition-5-deployment-59c5b6cb76-6mnb8
49.89,True,face-recognition-5-deployment-59c5b6cb76-6mnb8
49.89,True,face-recognition-5-deployment-59c5b6cb76-6mnb8
49.89,True,face-recognition-5-deployment-59c5b6cb76-6mnb8
49.89,True,face-recognition-5-deployment-59c5b6cb76-6mnb8
49.89,True,face-recognition-5-deployment-59c5b6cb76-6mnb8
49.89,True,face-recognition-5-deployment-59c5b6cb76-6mnb8
49.89,True,face-recognition-5-deployment-59c5b6cb76-6mnb8
49.89,True,face-recognition-5-deployment-59c5b6cb76-6mnb8
49.89,True,face-recognition-5-deployment-59c5b6cb76-6mnb8
49.89,True,face-recognition-5-deployment-59c5b6cb76-6mnb8
49.89,True,face-recognition-5-deployment-59c5b6cb76-6mnb8
49.89,True,face-recognition-5-deployment-59c5b6cb76-6mnb8
49.89,True,face-recognition-5-deployment-59c5b6cb76-6mnb8
49.89,True,face-recognition-5-deployment-59c5b6cb76-6mnb8
49.89,True,face-recognition-5-deployment-59c5b6cb76-6mnb8
22.96,True,face-recognition-5-deployment-59c5b6cb76-6mnb8
22.96,True,face-recognition-5-deployment-59c5b6cb76-6mnb8
22.96,True,face-recognition-5-deployment-59c5b6cb76-6mnb8
22.96,True,face-recognition-5-deployment-59c5b6cb76-6mnb8
22.96,True,face-recognition-5-deployment-59c5b6cb76-6mnb8
22.96,True,face-recognition-5-deployment-59c5b6cb76-6mnb8
22.96,True,face-recognition-5-deployment-59c5b6cb76-6mnb8
22.96,True,face-recognition-5-deployment-59c5b6cb76-6mnb8
22.96,True,face-recognition-5-deployment-59c5b6cb76-6mnb8
22.96,True,face-recognition-5-deployment-59c5b6cb76-6mnb8
22.96,True,face-recognition-5-deployment-59c5b6cb76-6mnb8
22.96,True,face-recognition-5-deployment-59c5b6cb76-6mnb8
22.96,True,face-recognition-5-deployment-59c5b6cb76-6mnb8
22.96,True,face-recognition-5-deployment-59c5b6cb76-6mnb8
22.96,True,face-recognition-5-deployment-59c5b6cb76-6mnb8
22.96,True,face-recognition-5-deployment-59c5b6cb76-6mnb8
22.96,True,face-recognition-5-deployment-59c5b6cb76-6mnb8
22.96,True,face-recognition-5-deployment-59c5b6cb76-6mnb8
22.96,True,face-recognition-5-deployment-59c5b6cb76-6mnb8
22.96,True,face-recognition-5-deployment-59c5b6cb76-6mnb8
22.96,True,face-recognition-5-deployment-59c5b6cb76-6mnb8
22.96,True,face-recognition-5-deployment-59c5b6cb76-6mnb8
22.96,True,face-recognition-5-deployment-59c5b6cb76-6mnb8
22.96,True,face-recognition-5-deployment-59c5b6cb76-6mnb8
22.96,True,face-recognition-5-deployment-59c5b6cb76-6mnb8
22.96,True,face-recognition-5-deployment-59c5b6cb76-6mnb8
22.96,True,face-recognition-5-deployment-59c5b6cb76-6mnb8
22.96,True,face-recognition-5-deployment-59c5b6cb76-6mnb8
22.96,True,face-recognition-5-deployment-59c5b6cb76-6mnb8
22.96,True,face-recognition-5-deployment-59c5b6cb76-6mnb8
22.96,True,face-recognition-5-deployment-59c5b6cb76-6mnb8
22.96,True,face-recognition-5-deployment-59c5b6cb76-6mnb8
31.77,True,face-recognition-5-deployment-59c5b6cb76-6mnb8
31.77,True,face-recognition-5-deployment-59c5b6cb76-6mnb8
31.77,True,face-recognition-5-deployment-59c5b6cb76-6mnb8
31.77,True,face-recognition-5-deployment-59c5b6cb76-6mnb8
31.77,True,face-recognition-5-deployment-59c5b6cb76-6mnb8
31.77,True,face-recognition-5-deployment-59c5b6cb76-6mnb8
31.77,True,face-recognition-5-deployment-59c5b6cb76-6mnb8
31.77,True,face-recognition-5-deployment-59c5b6cb76-6mnb8
31.77,True,face-recognition-5-deployment-59c5b6cb76-6mnb8
31.77,True,face-recognition-5-deployment-59c5b6cb76-6mnb8
31.77,True,face-recognition-5-deployment-59c5b6cb76-6mnb8
31.77,True,face-recognition-5-deployment-59c5b6cb76-6mnb8
31.77,True,face-recognition-5-deployment-59c5b6cb76-6mnb8
31.77,True,face-recognition-5-deployment-59c5b6cb76-6mnb8
31.77,True,face-recognition-5-deployment-59c5b6cb76-6mnb8
31.77,True,face-recognition-5-deployment-59c5b6cb76-6mnb8
31.77,True,face-recognition-5-deployment-59c5b6cb76-6mnb8
31.77,True,face-recognition-5-deployment-59c5b6cb76-6mnb8
31.77,True,face-recognition-5-deployment-59c5b6cb76-6mnb8
31.77,True,face-recognition-5-deployment-59c5b6cb76-6mnb8
31.77,True,face-recognition-5-deployment-59c5b6cb76-6mnb8
31.77,True,face-recognition-5-deployment-59c5b6cb76-6mnb8
31.77,True,face-recognition-5-deployment-59c5b6cb76-6mnb8
31.77,True,face-recognition-5-deployment-59c5b6cb76-6mnb8
31.77,True,face-recognition-5-deployment-59c5b6cb76-6mnb8
31.77,True,face-recognition-5-deployment-59c5b6cb76-6mnb8
31.77,True,face-recognition-5-deployment-59c5b6cb76-6mnb8
31.77,True,face-recognition-5-deployment-59c5b6cb76-6mnb8
31.77,True,face-recognition-5-deployment-59c5b6cb76-6mnb8
31.77,True,face-recognition-5-deployment-59c5b6cb76-6mnb8
31.77,True,face-recognition-5-deployment-59c5b6cb76-6mnb8
31.77,True,face-recognition-5-deployment-59c5b6cb76-6mnb8
31.77,True,face-recognition-5-deployment-59c5b6cb76-6mnb8
31.77,True,face-recognition-5-deployment-59c5b6cb76-6mnb8
31.77,True,face-recognition-5-deployment-59c5b6cb76-6mnb8
31.77,True,face-recognition-5-deployment-59c5b6cb76-6mnb8
31.77,True,face-recognition-5-deployment-59c5b6cb76-6mnb8
31.77,True,face-recognition-5-deployment-59c5b6cb76-6mnb8
31.77,True,face-recognition-5-deployment-59c5b6cb76-6mnb8
31.77,True,face-recognition-5-deployment-59c5b6cb76-6mnb8
31.77,True,face-recognition-5-deployment-59c5b6cb76-6mnb8
31.77,True,face-recognition-5-deployment-59c5b6cb76-6mnb8
41.97,True,face-recognition-5-deployment-59c5b6cb76-6mnb8
41.97,True,face-recognition-5-deployment-59c5b6cb76-6mnb8
41.97,True,face-recognition-5-deployment-59c5b6cb76-6mnb8
41.97,True,face-recognition-5-deployment-59c5b6cb76-6mnb8
41.97,True,face-recognition-5-deployment-59c5b6cb76-6mnb8
41.97,True,face-recognition-5-deployment-59c5b6cb76-6mnb8
41.97,True,face-recognition-5-deployment-59c5b6cb76-6mnb8
41.97,True,face-recognition-5-deployment-59c5b6cb76-6mnb8
41.97,True,face-recognition-5-deployment-59c5b6cb76-6mnb8
41.97,True,face-recognition-5-deployment-59c5b6cb76-6mnb8
41.97,True,face-recognition-5-deployment-59c5b6cb76-6mnb8
41.97,True,face-recognition-5-deployment-59c5b6cb76-6mnb8
41.97,True,face-recognition-5-deployment-59c5b6cb76-6mnb8
41.97,True,face-recognition-5-deployment-59c5b6cb76-6mnb8
41.97,True,face-recognition-5-deployment-59c5b6cb76-6mnb8
41.97,True,face-recognition-5-deployment-59c5b6cb76-6mnb8
41.97,True,face-recognition-5-deployment-59c5b6cb76-6mnb8
41.97,True,face-recognition-5-deployment-59c5b6cb76-6mnb8
41.97,True,face-recognition-5-deployment-59c5b6cb76-6mnb8
41.97,True,face-recognition-5-deployment-59c5b6cb76-6mnb8
41.97,True,face-recognition-5-deployment-59c5b6cb76-6mnb8
41.97,True,face-recognition-5-deployment-59c5b6cb76-6mnb8
41.97,True,face-recognition-5-deployment-59c5b6cb76-6mnb8
41.97,True,face-recognition-5-deployment-59c5b6cb76-6mnb8
41.97,True,face-recognition-5-deployment-59c5b6cb76-6mnb8
41.97,True,face-recognition-5-deployment-59c5b6cb76-6mnb8
41.97,True,face-recognition-5-deployment-59c5b6cb76-6mnb8
41.97,True,face-recognition-5-deployment-59c5b6cb76-6mnb8
41.97,True,face-recognition-5-deployment-59c5b6cb76-6mnb8
41.97,True,face-recognition-5-deployment-59c5b6cb76-6mnb8
41.97,True,face-recognition-5-deployment-59c5b6cb76-6mnb8
41.97,True,face-recognition-5-deployment-59c5b6cb76-6mnb8
41.97,True,face-recognition-5-deployment-59c5b6cb76-6mnb8
41.97,True,face-recognition-5-deployment-59c5b6cb76-6mnb8
41.97,True,face-recognition-5-deployment-59c5b6cb76-6mnb8
41.97,True,face-recognition-5-deployment-59c5b6cb76-6mnb8
41.97,True,face-recognition-5-deployment-59c5b6cb76-6mnb8
41.97,True,face-recognition-5-deployment-59c5b6cb76-6mnb8
41.97,True,face-recognition-5-deployment-59c5b6cb76-6mnb8
41.97,True,face-recognition-5-deployment-59c5b6cb76-6mnb8
41.97,True,face-recognition-5-deployment-59c5b6cb76-6mnb8
41.97,True,face-recognition-5-deployment-59c5b6cb76-6mnb8
41.97,True,face-recognition-5-deployment-59c5b6cb76-6mnb8
41.97,True,face-recognition-5-deployment-59c5b6cb76-6mnb8
41.97,True,face-recognition-5-deployment-59c5b6cb76-6mnb8
41.97,True,face-recognition-5-deployment-59c5b6cb76-6mnb8
45.55,True,face-recognition-5-deployment-59c5b6cb76-6mnb8
45.55,True,face-recognition-5-deployment-59c5b6cb76-6mnb8
45.55,True,face-recognition-5-deployment-59c5b6cb76-6mnb8
45.55,True,face-recognition-5-deployment-59c5b6cb76-6mnb8
45.55,True,face-recognition-5-deployment-59c5b6cb76-6mnb8
45.55,True,face-recognition-5-deployment-59c5b6cb76-6mnb8
45.55,True,face-recognition-5-deployment-59c5b6cb76-6mnb8
45.55,True,face-recognition-5-deployment-59c5b6cb76-6mnb8
45.55,True,face-recognition-5-deployment-59c5b6cb76-6mnb8
45.55,True,face-recognition-5-deployment-59c5b6cb76-6mnb8
45.55,True,face-recognition-5-deployment-59c5b6cb76-6mnb8
45.55,True,face-recognition-5-deployment-59c5b6cb76-6mnb8
45.55,True,face-recognition-5-deployment-59c5b6cb76-6mnb8
45.55,True,face-recognition-5-deployment-59c5b6cb76-6mnb8
45.55,True,face-recognition-5-deployment-59c5b6cb76-6mnb8
45.55,True,face-recognition-5-deployment-59c5b6cb76-6mnb8
45.55,True,face-recognition-5-deployment-59c5b6cb76-6mnb8
45.55,True,face-recognition-5-deployment-59c5b6cb76-6mnb8
45.55,True,face-recognition-5-deployment-59c5b6cb76-6mnb8
45.55,True,face-recognition-5-deployment-59c5b6cb76-6mnb8
45.55,True,face-recognition-5-deployment-59c5b6cb76-6mnb8
45.55,True,face-recognition-5-deployment-59c5b6cb76-6mnb8
45.55,True,face-recognition-5-deployment-59c5b6cb76-6mnb8
45.55,True,face-recognition-5-deployment-59c5b6cb76-6mnb8
23.01,True,face-recognition-5-deployment-59c5b6cb76-6mnb8
23.01,True,face-recognition-5-deployment-59c5b6cb76-6mnb8
23.01,True,face-recognition-5-deployment-59c5b6cb76-6mnb8
23.01,True,face-recognition-5-deployment-59c5b6cb76-6mnb8
23.01,True,face-recognition-5-deployment-59c5b6cb76-6mnb8
23.01,True,face-recognition-5-deployment-59c5b6cb76-6mnb8
23.01,True,face-recognition-5-deployment-59c5b6cb76-6mnb8
23.01,True,face-recognition-5-deployment-59c5b6cb76-6mnb8
23.01,True,face-recognition-5-deployment-59c5b6cb76-6mnb8
23.01,True,face-recognition-5-deployment-59c5b6cb76-6mnb8
23.01,True,face-recognition-5-deployment-59c5b6cb76-6mnb8
23.01,True,face-recognition-5-deployment-59c5b6cb76-6mnb8
23.01,True,face-recognition-5-deployment-59c5b6cb76-6mnb8
23.01,True,face-recognition-5-deployment-59c5b6cb76-6mnb8
23.01,True,face-recognition-5-deployment-59c5b6cb76-6mnb8
23.01,True,face-recognition-5-deployment-59c5b6cb76-6mnb8
23.01,True,face-recognition-5-deployment-59c5b6cb76-6mnb8
23.01,True,face-recognition-5-deployment-59c5b6cb76-6mnb8
23.01,True,face-recognition-5-deployment-59c5b6cb76-6mnb8
23.01,True,face-recognition-5-deployment-59c5b6cb76-6mnb8
23.01,True,face-recognition-5-deployment-59c5b6cb76-6mnb8
23.01,True,face-recognition-5-deployment-59c5b6cb76-6mnb8
23.01,True,face-recognition-5-deployment-59c5b6cb76-6mnb8
23.01,True,face-recognition-5-deployment-59c5b6cb76-6mnb8
22.47,True,face-recognition-5-deployment-59c5b6cb76-6mnb8
22.47,True,face-recognition-5-deployment-59c5b6cb76-6mnb8
22.47,True,face-recognition-5-deployment-59c5b6cb76-6mnb8
22.47,True,face-recognition-5-deployment-59c5b6cb76-6mnb8
22.47,True,face-recognition-5-deployment-59c5b6cb76-6mnb8
22.47,True,face-recognition-5-deployment-59c5b6cb76-6mnb8
22.47,True,face-recognition-5-deployment-59c5b6cb76-6mnb8
22.47,True,face-recognition-5-deployment-59c5b6cb76-6mnb8
22.47,True,face-recognition-5-deployment-59c5b6cb76-6mnb8
22.47,True,face-recognition-5-deployment-59c5b6cb76-6mnb8
22.47,True,face-recognition-5-deployment-59c5b6cb76-6mnb8
22.47,True,face-recognition-5-deployment-59c5b6cb76-6mnb8
22.47,True,face-recognition-5-deployment-59c5b6cb76-6mnb8
22.47,True,face-recognition-5-deployment-59c5b6cb76-6mnb8
22.47,True,face-recognition-5-deployment-59c5b6cb76-6mnb8
22.47,True,face-recognition-5-deployment-59c5b6cb76-6mnb8
22.47,True,face-recognition-5-deployment-59c5b6cb76-6mnb8
22.47,True,face-recognition-5-deployment-59c5b6cb76-6mnb8
22.47,True,face-recognition-5-deployment-59c5b6cb76-6mnb8
22.47,True,face-recognition-5-deployment-59c5b6cb76-6mnb8
22.47,True,face-recognition-5-deployment-59c5b6cb76-6mnb8
22.47,True,face-recognition-5-deployment-59c5b6cb76-6mnb8
22.47,True,face-recognition-5-deployment-59c5b6cb76-6mnb8
22.47,True,face-recognition-5-deployment-59c5b6cb76-6mnb8
22.47,True,face-recognition-5-deployment-59c5b6cb76-6mnb8
22.47,True,face-recognition-5-deployment-59c5b6cb76-6mnb8
22.47,True,face-recognition-5-deployment-59c5b6cb76-6mnb8
22.47,True,face-recognition-5-deployment-59c5b6cb76-6mnb8
26.63,True,face-recognition-5-deployment-59c5b6cb76-6mnb8
26.63,True,face-recognition-5-deployment-59c5b6cb76-6mnb8
26.63,True,face-recognition-5-deployment-59c5b6cb76-6mnb8
26.63,True,face-recognition-5-deployment-59c5b6cb76-6mnb8
26.63,True,face-recognition-5-deployment-59c5b6cb76-6mnb8
26.63,True,face-recognition-5-deployment-59c5b6cb76-6mnb8
26.63,True,face-recognition-5-deployment-59c5b6cb76-6mnb8
26.63,True,face-recognition-5-deployment-59c5b6cb76-6mnb8
26.63,True,face-recognition-5-deployment-59c5b6cb76-6mnb8
26.63,True,face-recognition-5-deployment-59c5b6cb76-6mnb8
26.63,True,face-recognition-5-deployment-59c5b6cb76-6mnb8
26.63,True,face-recognition-5-deployment-59c5b6cb76-6mnb8
26.63,True,face-recognition-5-deployment-59c5b6cb76-6mnb8
26.63,True,face-recognition-5-deployment-59c5b6cb76-6mnb8
26.63,True,face-recognition-5-deployment-59c5b6cb76-6mnb8
26.63,True,face-recognition-5-deployment-59c5b6cb76-6mnb8
26.63,True,face-recognition-5-deployment-59c5b6cb76-6mnb8
26.63,True,face-recognition-5-deployment-59c5b6cb76-6mnb8
26.63,True,face-recognition-5-deployment-59c5b6cb76-6mnb8
26.63,True,face-recognition-5-deployment-59c5b6cb76-6mnb8
26.63,True,face-recognition-5-deployment-59c5b6cb76-6mnb8
26.63,True,face-recognition-5-deployment-59c5b6cb76-6mnb8
26.63,True,face-recognition-5-deployment-59c5b6cb76-6mnb8
26.63,True,face-recognition-5-deployment-59c5b6cb76-6mnb8
26.63,True,face-recognition-5-deployment-59c5b6cb76-6mnb8
26.63,True,face-recognition-5-deployment-59c5b6cb76-6mnb8
26.63,True,face-recognition-5-deployment-59c5b6cb76-6mnb8
26.63,True,face-recognition-5-deployment-59c5b6cb76-6mnb8
26.63,True,face-recognition-5-deployment-59c5b6cb76-6mnb8
26.63,True,face-recognition-5-deployment-59c5b6cb76-6mnb8
26.63,True,face-recognition-5-deployment-59c5b6cb76-6mnb8
26.63,True,face-recognition-5-deployment-59c5b6cb76-6mnb8
26.63,True,face-recognition-5-deployment-59c5b6cb76-6mnb8
26.63,True,face-recognition-5-deployment-59c5b6cb76-6mnb8
26.63,True,face-recognition-5-deployment-59c5b6cb76-6mnb8
26.63,True,face-recognition-5-deployment-59c5b6cb76-6mnb8
26.63,True,face-recognition-5-deployment-59c5b6cb76-6mnb8
26.63,True,face-recognition-5-deployment-59c5b6cb76-6mnb8
26.63,True,face-recognition-5-deployment-59c5b6cb76-6mnb8
26.63,True,face-recognition-5-deployment-59c5b6cb76-6mnb8
26.63,True,face-recognition-5-deployment-59c5b6cb76-6mnb8
26.63,True,face-recognition-5-deployment-59c5b6cb76-6mnb8
26.63,True,face-recognition-5-deployment-59c5b6cb76-6mnb8
26.63,True,face-recognition-5-deployment-59c5b6cb76-6mnb8
26.63,True,face-recognition-5-deployment-59c5b6cb76-6mnb8
26.63,True,face-recognition-5-deployment-59c5b6cb76-6mnb8
26.63,True,face-recognition-5-deployment-59c5b6cb76-6mnb8
26.63,True,face-recognition-5-deployment-59c5b6cb76-6mnb8
26.63,True,face-recognition-5-deployment-59c5b6cb76-6mnb8
26.63,True,face-recognition-5-deployment-59c5b6cb76-6mnb8
26.63,True,face-recognition-5-deployment-59c5b6cb76-6mnb8
26.63,True,face-recognition-5-deployment-59c5b6cb76-6mnb8
26.63,True,face-recognition-5-deployment-59c5b6cb76-6mnb8
26.63,True,face-recognition-5-deployment-59c5b6cb76-6mnb8
26.63,True,face-recognition-5-deployment-59c5b6cb76-6mnb8
26.63,True,face-recognition-5-deployment-59c5b6cb76-6mnb8
26.63,True,face-recognition-5-deployment-59c5b6cb76-6mnb8
26.63,True,face-recognition-5-deployment-59c5b6cb76-6mnb8
54.39,True,face-recognition-5-deployment-59c5b6cb76-6mnb8
54.39,True,face-recognition-5-deployment-59c5b6cb76-6mnb8
54.39,True,face-recognition-5-deployment-59c5b6cb76-6mnb8
54.39,True,face-recognition-5-deployment-59c5b6cb76-6mnb8
54.39,True,face-recognition-5-deployment-59c5b6cb76-6mnb8
54.39,True,face-recognition-5-deployment-59c5b6cb76-6mnb8
54.39,True,face-recognition-5-deployment-59c5b6cb76-6mnb8
54.39,True,face-recognition-5-deployment-59c5b6cb76-6mnb8
54.39,True,face-recognition-5-deployment-59c5b6cb76-6mnb8
54.39,True,face-recognition-5-deployment-59c5b6cb76-6mnb8
54.39,True,face-recognition-5-deployment-59c5b6cb76-6mnb8
54.39,True,face-recognition-5-deployment-59c5b6cb76-6mnb8
54.39,True,face-recognition-5-deployment-59c5b6cb76-6mnb8
54.39,True,face-recognition-5-deployment-59c5b6cb76-6mnb8
54.39,True,face-recognition-5-deployment-59c5b6cb76-6mnb8
54.39,True,face-recognition-5-deployment-59c5b6cb76-6mnb8
54.39,True,face-recognition-5-deployment-59c5b6cb76-6mnb8
54.39,True,face-recognition-5-deployment-59c5b6cb76-6mnb8
54.39,True,face-recognition-5-deployment-59c5b6cb76-6mnb8
54.39,True,face-recognition-5-deployment-59c5b6cb76-6mnb8
54.39,True,face-recognition-5-deployment-59c5b6cb76-6mnb8
54.39,True,face-recognition-5-deployment-59c5b6cb76-6mnb8
54.39,True,face-recognition-5-deployment-59c5b6cb76-6mnb8
54.39,True,face-recognition-5-deployment-59c5b6cb76-6mnb8
54.39,True,face-recognition-5-deployment-59c5b6cb76-6mnb8
54.39,True,face-recognition-5-deployment-59c5b6cb76-6mnb8
54.39,True,face-recognition-5-deployment-59c5b6cb76-6mnb8
54.39,True,face-recognition-5-deployment-59c5b6cb76-6mnb8
54.39,True,face-recognition-5-deployment-59c5b6cb76-6mnb8
54.39,True,face-recognition-5-deployment-59c5b6cb76-6mnb8
54.39,True,face-recognition-5-deployment-59c5b6cb76-6mnb8
54.39,True,face-recognition-5-deployment-59c5b6cb76-6mnb8
54.39,True,face-recognition-5-deployment-59c5b6cb76-6mnb8
54.39,True,face-recognition-5-deployment-59c5b6cb76-6mnb8
54.39,True,face-recognition-5-deployment-59c5b6cb76-6mnb8
54.39,True,face-recognition-5-deployment-59c5b6cb76-6mnb8
54.39,True,face-recognition-5-deployment-59c5b6cb76-6mnb8
54.39,True,face-recognition-5-deployment-59c5b6cb76-6mnb8
54.39,True,face-recognition-5-deployment-59c5b6cb76-6mnb8
54.39,True,face-recognition-5-deployment-59c5b6cb76-6mnb8
54.39,True,face-recognition-5-deployment-59c5b6cb76-6mnb8
54.39,True,face-recognition-5-deployment-59c5b6cb76-6mnb8
54.39,True,face-recognition-5-deployment-59c5b6cb76-6mnb8
54.39,True,face-recognition-5-deployment-59c5b6cb76-6mnb8
54.39,True,face-recognition-5-deployment-59c5b6cb76-6mnb8
54.39,True,face-recognition-5-deployment-59c5b6cb76-6mnb8
54.39,True,face-recognition-5-deployment-59c5b6cb76-6mnb8
46.98,True,face-recognition-5-deployment-59c5b6cb76-6mnb8
46.98,True,face-recognition-5-deployment-59c5b6cb76-6mnb8
46.98,True,face-recognition-5-deployment-59c5b6cb76-6mnb8
46.98,True,face-recognition-5-deployment-59c5b6cb76-6mnb8
46.98,True,face-recognition-5-deployment-59c5b6cb76-6mnb8
46.98,True,face-recognition-5-deployment-59c5b6cb76-6mnb8
46.98,True,face-recognition-5-deployment-59c5b6cb76-6mnb8
46.98,True,face-recognition-5-deployment-59c5b6cb76-6mnb8
46.98,True,face-recognition-5-deployment-59c5b6cb76-6mnb8
46.98,True,face-recognition-5-deployment-59c5b6cb76-6mnb8
46.98,True,face-recognition-5-deployment-59c5b6cb76-6mnb8
46.98,True,face-recognition-5-deployment-59c5b6cb76-6mnb8
46.98,True,face-recognition-5-deployment-59c5b6cb76-6mnb8
46.98,True,face-recognition-5-deployment-59c5b6cb76-6mnb8
46.98,True,face-recognition-5-deployment-59c5b6cb76-6mnb8
46.98,True,face-recognition-5-deployment-59c5b6cb76-6mnb8
46.98,True,face-recognition-5-deployment-59c5b6cb76-6mnb8
46.98,True,face-recognition-5-deployment-59c5b6cb76-6mnb8
46.98,True,face-recognition-5-deployment-59c5b6cb76-6mnb8
46.98,True,face-recognition-5-deployment-59c5b6cb76-6mnb8
46.98,True,face-recognition-5-deployment-59c5b6cb76-6mnb8
46.98,True,face-recognition-5-deployment-59c5b6cb76-6mnb8
46.98,True,face-recognition-5-deployment-59c5b6cb76-6mnb8
46.98,True,face-recognition-5-deployment-59c5b6cb76-6mnb8
46.98,True,face-recognition-5-deployment-59c5b6cb76-6mnb8
46.98,True,face-recognition-5-deployment-59c5b6cb76-6mnb8
46.98,True,face-recognition-5-deployment-59c5b6cb76-6mnb8
46.98,True,face-recognition-5-deployment-59c5b6cb76-6mnb8
46.98,True,face-recognition-5-deployment-59c5b6cb76-6mnb8
46.98,True,face-recognition-5-deployment-59c5b6cb76-6mnb8
46.98,True,face-recognition-5-deployment-59c5b6cb76-6mnb8
46.98,True,face-recognition-5-deployment-59c5b6cb76-6mnb8
46.98,True,face-recognition-5-deployment-59c5b6cb76-6mnb8
46.98,True,face-recognition-5-deployment-59c5b6cb76-6mnb8
46.98,True,face-recognition-5-deployment-59c5b6cb76-6mnb8
46.98,True,face-recognition-5-deployment-59c5b6cb76-6mnb8
46.98,True,face-recognition-5-deployment-59c5b6cb76-6mnb8
46.98,True,face-recognition-5-deployment-59c5b6cb76-6mnb8
46.98,True,face-recognition-5-deployment-59c5b6cb76-6mnb8
46.98,True,face-recognition-5-deployment-59c5b6cb76-6mnb8
46.98,True,face-recognition-5-deployment-59c5b6cb76-6mnb8
46.98,True,face-recognition-5-deployment-59c5b6cb76-6mnb8
46.98,True,face-recognition-5-deployment-59c5b6cb76-6mnb8
46.98,True,face-recognition-5-deployment-59c5b6cb76-6mnb8
46.98,True,face-recognition-5-deployment-59c5b6cb76-6mnb8
46.98,True,face-recognition-5-deployment-59c5b6cb76-6mnb8
46.98,True,face-recognition-5-deployment-59c5b6cb76-6mnb8
46.98,True,face-recognition-5-deployment-59c5b6cb76-6mnb8
46.98,True,face-recognition-5-deployment-59c5b6cb76-6mnb8
46.98,True,face-recognition-5-deployment-59c5b6cb76-6mnb8
46.98,True,face-recognition-5-deployment-59c5b6cb76-6mnb8
46.98,True,face-recognition-5-deployment-59c5b6cb76-6mnb8
46.98,True,face-recognition-5-deployment-59c5b6cb76-6mnb8
46.98,True,face-recognition-5-deployment-59c5b6cb76-6mnb8
46.98,True,face-recognition-5-deployment-59c5b6cb76-6mnb8
46.98,True,face-recognition-5-deployment-59c5b6cb76-6mnb8
46.98,True,face-recognition-5-deployment-59c5b6cb76-6mnb8
46.98,True,face-recognition-5-deployment-59c5b6cb76-6mnb8
46.98,True,face-recognition-5-deployment-59c5b6cb76-6mnb8
46.98,True,face-recognition-5-deployment-59c5b6cb76-6mnb8
46.98,True,face-recognition-5-deployment-59c5b6cb76-6mnb8
46.98,True,face-recognition-5-deployment-59c5b6cb76-6mnb8
46.98,True,face-recognition-5-deployment-59c5b6cb76-6mnb8
46.98,True,face-recognition-5-deployment-59c5b6cb76-6mnb8
46.98,True,face-recognition-5-deployment-59c5b6cb76-6mnb8
46.98,True,face-recognition-5-deployment-59c5b6cb76-6mnb8
46.98,True,face-recognition-5-deployment-59c5b6cb76-6mnb8
46.98,True,face-recognition-5-deployment-59c5b6cb76-6mnb8
46.98,True,face-recognition-5-deployment-59c5b6cb76-6mnb8
46.98,True,face-recognition-5-deployment-59c5b6cb76-6mnb8
46.98,True,face-recognition-5-deployment-59c5b6cb76-6mnb8
46.98,True,face-recognition-5-deployment-59c5b6cb76-6mnb8
46.98,True,face-recognition-5-deployment-59c5b6cb76-6mnb8
46.98,True,face-recognition-5-deployment-59c5b6cb76-6mnb8
46.98,True,face-recognition-5-deployment-59c5b6cb76-6mnb8
46.98,True,face-recognition-5-deployment-59c5b6cb76-6mnb8
46.98,True,face-recognition-5-deployment-59c5b6cb76-6mnb8
46.98,True,face-recognition-5-deployment-59c5b6cb76-6mnb8
46.98,True,face-recognition-5-deployment-59c5b6cb76-6mnb8
46.98,True,face-recognition-5-deployment-59c5b6cb76-6mnb8
46.98,True,face-recognition-5-deployment-59c5b6cb76-6mnb8
46.98,True,face-recognition-5-deployment-59c5b6cb76-6mnb8
46.98,True,face-recognition-5-deployment-59c5b6cb76-6mnb8
46.98,True,face-recognition-5-deployment-59c5b6cb76-6mnb8
46.98,True,face-recognition-5-deployment-59c5b6cb76-6mnb8
46.98,True,face-recognition-5-deployment-59c5b6cb76-6mnb8
46.98,True,face-recognition-5-deployment-59c5b6cb76-6mnb8
80.64,True,face-recognition-5-deployment-59c5b6cb76-6mnb8
80.64,True,face-recognition-5-deployment-59c5b6cb76-6mnb8
80.64,True,face-recognition-5-deployment-59c5b6cb76-6mnb8
80.64,True,face-recognition-5-deployment-59c5b6cb76-6mnb8
80.64,True,face-recognition-5-deployment-59c5b6cb76-6mnb8
80.64,True,face-recognition-5-deployment-59c5b6cb76-6mnb8
80.64,True,face-recognition-5-deployment-59c5b6cb76-6mnb8
80.64,True,face-recognition-5-deployment-59c5b6cb76-6mnb8
80.64,True,face-recognition-5-deployment-59c5b6cb76-6mnb8
80.64,True,face-recognition-5-deployment-59c5b6cb76-6mnb8
80.64,True,face-recognition-5-deployment-59c5b6cb76-6mnb8
80.64,True,face-recognition-5-deployment-59c5b6cb76-6mnb8
80.64,True,face-recognition-5-deployment-59c5b6cb76-6mnb8
80.64,True,face-recognition-5-deployment-59c5b6cb76-6mnb8
80.64,True,face-recognition-5-deployment-59c5b6cb76-6mnb8
80.64,True,face-recognition-5-deployment-59c5b6cb76-6mnb8
80.64,True,face-recognition-5-deployment-59c5b6cb76-6mnb8
80.64,True,face-recognition-5-deployment-59c5b6cb76-6mnb8
80.64,True,face-recognition-5-deployment-59c5b6cb76-6mnb8
80.64,True,face-recognition-5-deployment-59c5b6cb76-6mnb8
80.64,True,face-recognition-5-deployment-59c5b6cb76-6mnb8
80.64,True,face-recognition-5-deployment-59c5b6cb76-6mnb8
80.64,True,face-recognition-5-deployment-59c5b6cb76-6mnb8
80.64,True,face-recognition-5-deployment-59c5b6cb76-6mnb8
80.64,True,face-recognition-5-deployment-59c5b6cb76-6mnb8
80.64,True,face-recognition-5-deployment-59c5b6cb76-6mnb8
80.64,True,face-recognition-5-deployment-59c5b6cb76-6mnb8
80.64,True,face-recognition-5-deployment-59c5b6cb76-6mnb8
80.64,True,face-recognition-5-deployment-59c5b6cb76-6mnb8
80.64,True,face-recognition-5-deployment-59c5b6cb76-6mnb8
80.64,True,face-recognition-5-deployment-59c5b6cb76-6mnb8
80.64,True,face-recognition-5-deployment-59c5b6cb76-6mnb8
80.64,True,face-recognition-5-deployment-59c5b6cb76-6mnb8
80.64,True,face-recognition-5-deployment-59c5b6cb76-6mnb8
80.64,True,face-recognition-5-deployment-59c5b6cb76-6mnb8
80.64,True,face-recognition-5-deployment-59c5b6cb76-6mnb8
80.64,True,face-recognition-5-deployment-59c5b6cb76-6mnb8
80.64,True,face-recognition-5-deployment-59c5b6cb76-6mnb8
80.64,True,face-recognition-5-deployment-59c5b6cb76-6mnb8
80.64,True,face-recognition-5-deployment-59c5b6cb76-6mnb8
80.64,True,face-recognition-5-deployment-59c5b6cb76-6mnb8
80.64,True,face-recognition-5-deployment-59c5b6cb76-6mnb8
80.64,True,face-recognition-5-deployment-59c5b6cb76-6mnb8
80.64,True,face-recognition-5-deployment-59c5b6cb76-6mnb8
80.64,True,face-recognition-5-deployment-59c5b6cb76-6mnb8
80.64,True,face-recognition-5-deployment-59c5b6cb76-6mnb8
45.93,True,face-recognition-5-deployment-59c5b6cb76-6mnb8
45.93,True,face-recognition-5-deployment-59c5b6cb76-6mnb8
45.93,True,face-recognition-5-deployment-59c5b6cb76-6mnb8
45.93,True,face-recognition-5-deployment-59c5b6cb76-6mnb8
45.93,True,face-recognition-5-deployment-59c5b6cb76-6mnb8
45.93,True,face-recognition-5-deployment-59c5b6cb76-6mnb8
45.93,True,face-recognition-5-deployment-59c5b6cb76-6mnb8
45.93,True,face-recognition-5-deployment-59c5b6cb76-6mnb8
45.93,True,face-recognition-5-deployment-59c5b6cb76-6mnb8
45.93,True,face-recognition-5-deployment-59c5b6cb76-6mnb8
45.93,True,face-recognition-5-deployment-59c5b6cb76-6mnb8
45.93,True,face-recognition-5-deployment-59c5b6cb76-6mnb8
45.93,True,face-recognition-5-deployment-59c5b6cb76-6mnb8
45.93,True,face-recognition-5-deployment-59c5b6cb76-6mnb8
45.93,True,face-recognition-5-deployment-59c5b6cb76-6mnb8
45.93,True,face-recognition-5-deployment-59c5b6cb76-6mnb8
45.93,False,face-recognition-5-deployment-59c5b6cb76-6mnb8
45.93,False,face-recognition-5-deployment-59c5b6cb76-6mnb8
45.93,True,face-recognition-5-deployment-59c5b6cb76-6mnb8
45.93,True,face-recognition-5-deployment-59c5b6cb76-6mnb8
45.93,True,face-recognition-5-deployment-59c5b6cb76-6mnb8
45.93,True,face-recognition-5-deployment-59c5b6cb76-6mnb8
45.93,True,face-recognition-5-deployment-59c5b6cb76-6mnb8
45.93,True,face-recognition-5-deployment-59c5b6cb76-6mnb8
45.93,True,face-recognition-5-deployment-59c5b6cb76-6mnb8
45.93,True,face-recognition-5-deployment-59c5b6cb76-6mnb8
24.86,True,face-recognition-5-deployment-59c5b6cb76-6mnb8
24.86,True,face-recognition-5-deployment-59c5b6cb76-6mnb8
24.86,True,face-recognition-5-deployment-59c5b6cb76-6mnb8
24.86,True,face-recognition-5-deployment-59c5b6cb76-6mnb8
24.86,True,face-recognition-5-deployment-59c5b6cb76-6mnb8
24.86,True,face-recognition-5-deployment-59c5b6cb76-6mnb8
24.86,True,face-recognition-5-deployment-59c5b6cb76-6mnb8
24.86,True,face-recognition-5-deployment-59c5b6cb76-6mnb8
24.86,True,face-recognition-5-deployment-59c5b6cb76-6mnb8
24.86,True,face-recognition-5-deployment-59c5b6cb76-6mnb8
24.86,True,face-recognition-5-deployment-59c5b6cb76-6mnb8
24.86,True,face-recognition-5-deployment-59c5b6cb76-6mnb8
24.86,True,face-recognition-5-deployment-59c5b6cb76-6mnb8
24.86,True,face-recognition-5-deployment-59c5b6cb76-6mnb8
24.86,True,face-recognition-5-deployment-59c5b6cb76-6mnb8
24.86,True,face-recognition-5-deployment-59c5b6cb76-6mnb8
24.86,True,face-recognition-5-deployment-59c5b6cb76-6mnb8
24.86,True,face-recognition-5-deployment-59c5b6cb76-6mnb8
24.86,True,face-recognition-5-deployment-59c5b6cb76-6mnb8
24.86,True,face-recognition-5-deployment-59c5b6cb76-6mnb8
24.86,True,face-recognition-5-deployment-59c5b6cb76-6mnb8
24.86,True,face-recognition-5-deployment-59c5b6cb76-6mnb8
24.86,True,face-recognition-5-deployment-59c5b6cb76-6mnb8
24.86,True,face-recognition-5-deployment-59c5b6cb76-6mnb8
24.86,True,face-recognition-5-deployment-59c5b6cb76-6mnb8
24.86,True,face-recognition-5-deployment-59c5b6cb76-6mnb8
24.86,True,face-recognition-5-deployment-59c5b6cb76-6mnb8
24.86,True,face-recognition-5-deployment-59c5b6cb76-6mnb8
24.86,True,face-recognition-5-deployment-59c5b6cb76-6mnb8
24.86,True,face-recognition-5-deployment-59c5b6cb76-6mnb8
24.86,True,face-recognition-5-deployment-59c5b6cb76-6mnb8
24.86,True,face-recognition-5-deployment-59c5b6cb76-6mnb8
31.76,True,face-recognition-5-deployment-59c5b6cb76-6mnb8
31.76,True,face-recognition-5-deployment-59c5b6cb76-6mnb8
31.76,True,face-recognition-5-deployment-59c5b6cb76-6mnb8
31.76,True,face-recognition-5-deployment-59c5b6cb76-6mnb8
31.76,True,face-recognition-5-deployment-59c5b6cb76-6mnb8
31.76,True,face-recognition-5-deployment-59c5b6cb76-6mnb8
31.76,True,face-recognition-5-deployment-59c5b6cb76-6mnb8
31.76,True,face-recognition-5-deployment-59c5b6cb76-6mnb8
31.76,True,face-recognition-5-deployment-59c5b6cb76-6mnb8
31.76,True,face-recognition-5-deployment-59c5b6cb76-6mnb8
31.76,True,face-recognition-5-deployment-59c5b6cb76-6mnb8
31.76,True,face-recognition-5-deployment-59c5b6cb76-6mnb8
31.76,True,face-recognition-5-deployment-59c5b6cb76-6mnb8
31.76,True,face-recognition-5-deployment-59c5b6cb76-6mnb8
31.76,True,face-recognition-5-deployment-59c5b6cb76-6mnb8
31.76,True,face-recognition-5-deployment-59c5b6cb76-6mnb8
31.76,False,face-recognition-5-deployment-59c5b6cb76-6mnb8
31.76,False,face-recognition-5-deployment-59c5b6cb76-6mnb8
31.76,True,face-recognition-5-deployment-59c5b6cb76-6mnb8
31.76,True,face-recognition-5-deployment-59c5b6cb76-6mnb8
31.76,True,face-recognition-5-deployment-59c5b6cb76-6mnb8
31.76,True,face-recognition-5-deployment-59c5b6cb76-6mnb8
31.76,True,face-recognition-5-deployment-59c5b6cb76-6mnb8
31.76,True,face-recognition-5-deployment-59c5b6cb76-6mnb8
31.76,True,face-recognition-5-deployment-59c5b6cb76-6mnb8
31.76,True,face-recognition-5-deployment-59c5b6cb76-6mnb8
31.76,True,face-recognition-5-deployment-59c5b6cb76-6mnb8
31.76,True,face-recognition-5-deployment-59c5b6cb76-6mnb8
31.76,True,face-recognition-5-deployment-59c5b6cb76-6mnb8
31.76,True,face-recognition-5-deployment-59c5b6cb76-6mnb8
31.76,True,face-recognition-5-deployment-59c5b6cb76-6mnb8
31.76,True,face-recognition-5-deployment-59c5b6cb76-6mnb8
31.76,True,face-recognition-5-deployment-59c5b6cb76-6mnb8
31.76,True,face-recognition-5-deployment-59c5b6cb76-6mnb8
31.76,True,face-recognition-5-deployment-59c5b6cb76-6mnb8
31.76,True,face-recognition-5-deployment-59c5b6cb76-6mnb8
31.76,True,face-recognition-5-deployment-59c5b6cb76-6mnb8
31.76,True,face-recognition-5-deployment-59c5b6cb76-6mnb8
31.76,True,face-recognition-5-deployment-59c5b6cb76-6mnb8
31.76,True,face-recognition-5-deployment-59c5b6cb76-6mnb8
31.76,True,face-recognition-5-deployment-59c5b6cb76-6mnb8
31.76,True,face-recognition-5-deployment-59c5b6cb76-6mnb8
31.76,True,face-recognition-5-deployment-59c5b6cb76-6mnb8
31.76,True,face-recognition-5-deployment-59c5b6cb76-6mnb8
31.76,True,face-recognition-5-deployment-59c5b6cb76-6mnb8
31.76,True,face-recognition-5-deployment-59c5b6cb76-6mnb8
31.76,True,face-recognition-5-deployment-59c5b6cb76-6mnb8
31.76,True,face-recognition-5-deployment-59c5b6cb76-6mnb8
31.76,True,face-recognition-5-deployment-59c5b6cb76-6mnb8
31.76,True,face-recognition-5-deployment-59c5b6cb76-6mnb8
48.85,True,face-recognition-5-deployment-59c5b6cb76-6mnb8
48.85,True,face-recognition-5-deployment-59c5b6cb76-6mnb8
48.85,True,face-recognition-5-deployment-59c5b6cb76-6mnb8
48.85,True,face-recognition-5-deployment-59c5b6cb76-6mnb8
48.85,True,face-recognition-5-deployment-59c5b6cb76-6mnb8
48.85,True,face-recognition-5-deployment-59c5b6cb76-6mnb8
48.85,True,face-recognition-5-deployment-59c5b6cb76-6mnb8
48.85,True,face-recognition-5-deployment-59c5b6cb76-6mnb8
48.85,True,face-recognition-5-deployment-59c5b6cb76-6mnb8
48.85,True,face-recognition-5-deployment-59c5b6cb76-6mnb8
48.85,True,face-recognition-5-deployment-59c5b6cb76-6mnb8
48.85,True,face-recognition-5-deployment-59c5b6cb76-6mnb8
48.85,True,face-recognition-5-deployment-59c5b6cb76-6mnb8
48.85,True,face-recognition-5-deployment-59c5b6cb76-6mnb8
48.85,True,face-recognition-5-deployment-59c5b6cb76-6mnb8
48.85,True,face-recognition-5-deployment-59c5b6cb76-6mnb8
48.85,True,face-recognition-5-deployment-59c5b6cb76-6mnb8
48.85,True,face-recognition-5-deployment-59c5b6cb76-6mnb8
48.85,True,face-recognition-5-deployment-59c5b6cb76-6mnb8
48.85,True,face-recognition-5-deployment-59c5b6cb76-6mnb8
48.85,True,face-recognition-5-deployment-59c5b6cb76-6mnb8
48.85,True,face-recognition-5-deployment-59c5b6cb76-6mnb8
48.85,True,face-recognition-5-deployment-59c5b6cb76-6mnb8
48.85,True,face-recognition-5-deployment-59c5b6cb76-6mnb8
22.95,True,face-recognition-5-deployment-59c5b6cb76-6mnb8
22.95,True,face-recognition-5-deployment-59c5b6cb76-6mnb8
22.95,True,face-recognition-5-deployment-59c5b6cb76-6mnb8
22.95,True,face-recognition-5-deployment-59c5b6cb76-6mnb8
22.95,True,face-recognition-5-deployment-59c5b6cb76-6mnb8
22.95,True,face-recognition-5-deployment-59c5b6cb76-6mnb8
22.95,True,face-recognition-5-deployment-59c5b6cb76-6mnb8
22.95,True,face-recognition-5-deployment-59c5b6cb76-6mnb8
22.95,True,face-recognition-5-deployment-59c5b6cb76-6mnb8
22.95,True,face-recognition-5-deployment-59c5b6cb76-6mnb8
22.95,True,face-recognition-5-deployment-59c5b6cb76-6mnb8
22.95,True,face-recognition-5-deployment-59c5b6cb76-6mnb8
22.95,True,face-recognition-5-deployment-59c5b6cb76-6mnb8
22.95,True,face-recognition-5-deployment-59c5b6cb76-6mnb8
22.95,True,face-recognition-5-deployment-59c5b6cb76-6mnb8
22.95,True,face-recognition-5-deployment-59c5b6cb76-6mnb8
22.95,True,face-recognition-5-deployment-59c5b6cb76-6mnb8
22.95,True,face-recognition-5-deployment-59c5b6cb76-6mnb8
22.95,True,face-recognition-5-deployment-59c5b6cb76-6mnb8
22.95,True,face-recognition-5-deployment-59c5b6cb76-6mnb8
22.95,True,face-recognition-5-deployment-59c5b6cb76-6mnb8
22.95,True,face-recognition-5-deployment-59c5b6cb76-6mnb8
22.95,True,face-recognition-5-deployment-59c5b6cb76-6mnb8
22.95,True,face-recognition-5-deployment-59c5b6cb76-6mnb8
22.95,True,face-recognition-5-deployment-59c5b6cb76-6mnb8
22.95,True,face-recognition-5-deployment-59c5b6cb76-6mnb8
22.95,True,face-recognition-5-deployment-59c5b6cb76-6mnb8
22.95,True,face-recognition-5-deployment-59c5b6cb76-6mnb8
22.95,True,face-recognition-5-deployment-59c5b6cb76-6mnb8
22.95,True,face-recognition-5-deployment-59c5b6cb76-6mnb8
22.95,True,face-recognition-5-deployment-59c5b6cb76-6mnb8
22.95,True,face-recognition-5-deployment-59c5b6cb76-6mnb8
22.95,True,face-recognition-5-deployment-59c5b6cb76-6mnb8
22.95,True,face-recognition-5-deployment-59c5b6cb76-6mnb8
22.95,True,face-recognition-5-deployment-59c5b6cb76-6mnb8
22.95,True,face-recognition-5-deployment-59c5b6cb76-6mnb8
22.95,True,face-recognition-5-deployment-59c5b6cb76-6mnb8
22.95,True,face-recognition-5-deployment-59c5b6cb76-6mnb8
22.95,True,face-recognition-5-deployment-59c5b6cb76-6mnb8
22.95,True,face-recognition-5-deployment-59c5b6cb76-6mnb8
22.95,True,face-recognition-5-deployment-59c5b6cb76-6mnb8
22.95,True,face-recognition-5-deployment-59c5b6cb76-6mnb8
22.95,True,face-recognition-5-deployment-59c5b6cb76-6mnb8
22.95,True,face-recognition-5-deployment-59c5b6cb76-6mnb8
22.95,True,face-recognition-5-deployment-59c5b6cb76-6mnb8
22.95,True,face-recognition-5-deployment-59c5b6cb76-6mnb8
22.95,True,face-recognition-5-deployment-59c5b6cb76-6mnb8
22.95,True,face-recognition-5-deployment-59c5b6cb76-6mnb8
22.95,True,face-recognition-5-deployment-59c5b6cb76-6mnb8
22.95,True,face-recognition-5-deployment-59c5b6cb76-6mnb8
22.95,True,face-recognition-5-deployment-59c5b6cb76-6mnb8
22.95,True,face-recognition-5-deployment-59c5b6cb76-6mnb8
22.95,False,face-recognition-5-deployment-59c5b6cb76-6mnb8
22.95,False,face-recognition-5-deployment-59c5b6cb76-6mnb8
53.36,True,face-recognition-5-deployment-59c5b6cb76-6mnb8
53.36,True,face-recognition-5-deployment-59c5b6cb76-6mnb8
53.36,True,face-recognition-5-deployment-59c5b6cb76-6mnb8
53.36,True,face-recognition-5-deployment-59c5b6cb76-6mnb8
53.36,True,face-recognition-5-deployment-59c5b6cb76-6mnb8
53.36,True,face-recognition-5-deployment-59c5b6cb76-6mnb8
53.36,True,face-recognition-5-deployment-59c5b6cb76-6mnb8
53.36,True,face-recognition-5-deployment-59c5b6cb76-6mnb8
53.36,True,face-recognition-5-deployment-59c5b6cb76-6mnb8
53.36,True,face-recognition-5-deployment-59c5b6cb76-6mnb8
53.36,True,face-recognition-5-deployment-59c5b6cb76-6mnb8
53.36,True,face-recognition-5-deployment-59c5b6cb76-6mnb8
53.36,True,face-recognition-5-deployment-59c5b6cb76-6mnb8
53.36,True,face-recognition-5-deployment-59c5b6cb76-6mnb8
53.36,True,face-recognition-5-deployment-59c5b6cb76-6mnb8
53.36,True,face-recognition-5-deployment-59c5b6cb76-6mnb8
53.36,True,face-recognition-5-deployment-59c5b6cb76-6mnb8
53.36,True,face-recognition-5-deployment-59c5b6cb76-6mnb8
53.36,True,face-recognition-5-deployment-59c5b6cb76-6mnb8
53.36,True,face-recognition-5-deployment-59c5b6cb76-6mnb8
53.36,True,face-recognition-5-deployment-59c5b6cb76-6mnb8
53.36,True,face-recognition-5-deployment-59c5b6cb76-6mnb8
53.36,True,face-recognition-5-deployment-59c5b6cb76-6mnb8
53.36,True,face-recognition-5-deployment-59c5b6cb76-6mnb8
53.36,True,face-recognition-5-deployment-59c5b6cb76-6mnb8
53.36,True,face-recognition-5-deployment-59c5b6cb76-6mnb8
53.36,True,face-recognition-5-deployment-59c5b6cb76-6mnb8
53.36,True,face-recognition-5-deployment-59c5b6cb76-6mnb8
53.36,True,face-recognition-5-deployment-59c5b6cb76-6mnb8
53.36,True,face-recognition-5-deployment-59c5b6cb76-6mnb8
53.36,True,face-recognition-5-deployment-59c5b6cb76-6mnb8
53.36,True,face-recognition-5-deployment-59c5b6cb76-6mnb8
29.8,True,face-recognition-5-deployment-59c5b6cb76-6mnb8
29.8,True,face-recognition-5-deployment-59c5b6cb76-6mnb8
29.8,True,face-recognition-5-deployment-59c5b6cb76-6mnb8
29.8,True,face-recognition-5-deployment-59c5b6cb76-6mnb8
29.8,True,face-recognition-5-deployment-59c5b6cb76-6mnb8
29.8,True,face-recognition-5-deployment-59c5b6cb76-6mnb8
29.8,True,face-recognition-5-deployment-59c5b6cb76-6mnb8
29.8,True,face-recognition-5-deployment-59c5b6cb76-6mnb8
29.8,True,face-recognition-5-deployment-59c5b6cb76-6mnb8
29.8,True,face-recognition-5-deployment-59c5b6cb76-6mnb8
29.8,True,face-recognition-5-deployment-59c5b6cb76-6mnb8
29.8,True,face-recognition-5-deployment-59c5b6cb76-6mnb8
29.8,True,face-recognition-5-deployment-59c5b6cb76-6mnb8
29.8,True,face-recognition-5-deployment-59c5b6cb76-6mnb8
29.8,True,face-recognition-5-deployment-59c5b6cb76-6mnb8
29.8,True,face-recognition-5-deployment-59c5b6cb76-6mnb8
29.8,True,face-recognition-5-deployment-59c5b6cb76-6mnb8
29.8,True,face-recognition-5-deployment-59c5b6cb76-6mnb8
29.8,True,face-recognition-5-deployment-59c5b6cb76-6mnb8
29.8,True,face-recognition-5-deployment-59c5b6cb76-6mnb8
29.8,True,face-recognition-5-deployment-59c5b6cb76-6mnb8
29.8,True,face-recognition-5-deployment-59c5b6cb76-6mnb8
29.8,True,face-recognition-5-deployment-59c5b6cb76-6mnb8
29.8,True,face-recognition-5-deployment-59c5b6cb76-6mnb8
29.8,True,face-recognition-5-deployment-59c5b6cb76-6mnb8
29.8,True,face-recognition-5-deployment-59c5b6cb76-6mnb8
29.8,True,face-recognition-5-deployment-59c5b6cb76-6mnb8
29.8,True,face-recognition-5-deployment-59c5b6cb76-6mnb8
26.46,True,face-recognition-5-deployment-59c5b6cb76-6mnb8
26.46,True,face-recognition-5-deployment-59c5b6cb76-6mnb8
26.46,True,face-recognition-5-deployment-59c5b6cb76-6mnb8
26.46,True,face-recognition-5-deployment-59c5b6cb76-6mnb8
26.46,True,face-recognition-5-deployment-59c5b6cb76-6mnb8
26.46,True,face-recognition-5-deployment-59c5b6cb76-6mnb8
26.46,True,face-recognition-5-deployment-59c5b6cb76-6mnb8
26.46,True,face-recognition-5-deployment-59c5b6cb76-6mnb8
26.46,True,face-recognition-5-deployment-59c5b6cb76-6mnb8
26.46,True,face-recognition-5-deployment-59c5b6cb76-6mnb8
26.46,True,face-recognition-5-deployment-59c5b6cb76-6mnb8
26.46,True,face-recognition-5-deployment-59c5b6cb76-6mnb8
26.46,True,face-recognition-5-deployment-59c5b6cb76-6mnb8
26.46,True,face-recognition-5-deployment-59c5b6cb76-6mnb8
26.46,True,face-recognition-5-deployment-59c5b6cb76-6mnb8
26.46,True,face-recognition-5-deployment-59c5b6cb76-6mnb8
26.46,True,face-recognition-5-deployment-59c5b6cb76-6mnb8
26.46,True,face-recognition-5-deployment-59c5b6cb76-6mnb8
26.46,True,face-recognition-5-deployment-59c5b6cb76-6mnb8
26.46,True,face-recognition-5-deployment-59c5b6cb76-6mnb8
26.46,True,face-recognition-5-deployment-59c5b6cb76-6mnb8
26.46,True,face-recognition-5-deployment-59c5b6cb76-6mnb8
26.46,True,face-recognition-5-deployment-59c5b6cb76-6mnb8
26.46,True,face-recognition-5-deployment-59c5b6cb76-6mnb8
26.46,True,face-recognition-5-deployment-59c5b6cb76-6mnb8
26.46,True,face-recognition-5-deployment-59c5b6cb76-6mnb8
26.46,True,face-recognition-5-deployment-59c5b6cb76-6mnb8
26.46,True,face-recognition-5-deployment-59c5b6cb76-6mnb8
26.46,True,face-recognition-5-deployment-59c5b6cb76-6mnb8
26.46,True,face-recognition-5-deployment-59c5b6cb76-6mnb8
28.08,True,face-recognition-5-deployment-59c5b6cb76-6mnb8
28.08,True,face-recognition-5-deployment-59c5b6cb76-6mnb8
28.08,True,face-recognition-5-deployment-59c5b6cb76-6mnb8
28.08,True,face-recognition-5-deployment-59c5b6cb76-6mnb8
28.08,True,face-recognition-5-deployment-59c5b6cb76-6mnb8
28.08,True,face-recognition-5-deployment-59c5b6cb76-6mnb8
28.08,True,face-recognition-5-deployment-59c5b6cb76-6mnb8
28.08,True,face-recognition-5-deployment-59c5b6cb76-6mnb8
28.08,True,face-recognition-5-deployment-59c5b6cb76-6mnb8
28.08,True,face-recognition-5-deployment-59c5b6cb76-6mnb8
28.08,True,face-recognition-5-deployment-59c5b6cb76-6mnb8
28.08,True,face-recognition-5-deployment-59c5b6cb76-6mnb8
28.08,True,face-recognition-5-deployment-59c5b6cb76-6mnb8
28.08,True,face-recognition-5-deployment-59c5b6cb76-6mnb8
28.08,True,face-recognition-5-deployment-59c5b6cb76-6mnb8
28.08,True,face-recognition-5-deployment-59c5b6cb76-6mnb8
28.08,True,face-recognition-5-deployment-59c5b6cb76-6mnb8
28.08,True,face-recognition-5-deployment-59c5b6cb76-6mnb8
28.08,True,face-recognition-5-deployment-59c5b6cb76-6mnb8
28.08,True,face-recognition-5-deployment-59c5b6cb76-6mnb8
28.08,True,face-recognition-5-deployment-59c5b6cb76-6mnb8
28.08,True,face-recognition-5-deployment-59c5b6cb76-6mnb8
28.08,True,face-recognition-5-deployment-59c5b6cb76-6mnb8
28.08,True,face-recognition-5-deployment-59c5b6cb76-6mnb8
28.08,True,face-recognition-5-deployment-59c5b6cb76-6mnb8
28.08,True,face-recognition-5-deployment-59c5b6cb76-6mnb8
28.08,True,face-recognition-5-deployment-59c5b6cb76-6mnb8
28.08,True,face-recognition-5-deployment-59c5b6cb76-6mnb8
28.08,True,face-recognition-5-deployment-59c5b6cb76-6mnb8
28.08,True,face-recognition-5-deployment-59c5b6cb76-6mnb8
28.08,False,face-recognition-5-deployment-59c5b6cb76-6mnb8
28.08,False,face-recognition-5-deployment-59c5b6cb76-6mnb8
29.58,True,face-recognition-5-deployment-59c5b6cb76-6mnb8
29.58,True,face-recognition-5-deployment-59c5b6cb76-6mnb8
29.58,False,face-recognition-5-deployment-59c5b6cb76-6mnb8
29.58,False,face-recognition-5-deployment-59c5b6cb76-6mnb8
29.58,False,face-recognition-5-deployment-59c5b6cb76-6mnb8
29.58,False,face-recognition-5-deployment-59c5b6cb76-6mnb8
29.58,False,face-recognition-5-deployment-59c5b6cb76-6mnb8
29.58,False,face-recognition-5-deployment-59c5b6cb76-6mnb8
29.58,True,face-recognition-5-deployment-59c5b6cb76-6mnb8
29.58,True,face-recognition-5-deployment-59c5b6cb76-6mnb8
29.58,False,face-recognition-5-deployment-59c5b6cb76-6mnb8
29.58,False,face-recognition-5-deployment-59c5b6cb76-6mnb8
29.58,True,face-recognition-5-deployment-59c5b6cb76-6mnb8
29.58,True,face-recognition-5-deployment-59c5b6cb76-6mnb8
29.58,False,face-recognition-5-deployment-59c5b6cb76-6mnb8
29.58,False,face-recognition-5-deployment-59c5b6cb76-6mnb8
29.58,False,face-recognition-5-deployment-59c5b6cb76-6mnb8
29.58,False,face-recognition-5-deployment-59c5b6cb76-6mnb8
29.58,True,face-recognition-5-deployment-59c5b6cb76-6mnb8
29.58,True,face-recognition-5-deployment-59c5b6cb76-6mnb8
29.58,False,face-recognition-5-deployment-59c5b6cb76-6mnb8
29.58,False,face-recognition-5-deployment-59c5b6cb76-6mnb8
29.58,False,face-recognition-5-deployment-59c5b6cb76-6mnb8
29.58,False,face-recognition-5-deployment-59c5b6cb76-6mnb8
23.3,True,face-recognition-5-deployment-59c5b6cb76-6mnb8
23.3,True,face-recognition-5-deployment-59c5b6cb76-6mnb8
23.3,False,face-recognition-5-deployment-59c5b6cb76-6mnb8
23.3,False,face-recognition-5-deployment-59c5b6cb76-6mnb8
23.3,False,face-recognition-5-deployment-59c5b6cb76-6mnb8
23.3,False,face-recognition-5-deployment-59c5b6cb76-6mnb8
23.3,False,face-recognition-5-deployment-59c5b6cb76-6mnb8
23.3,False,face-recognition-5-deployment-59c5b6cb76-6mnb8
23.3,False,face-recognition-5-deployment-59c5b6cb76-6mnb8
23.3,False,face-recognition-5-deployment-59c5b6cb76-6mnb8
23.3,False,face-recognition-5-deployment-59c5b6cb76-6mnb8
23.3,False,face-recognition-5-deployment-59c5b6cb76-6mnb8
23.3,False,face-recognition-5-deployment-59c5b6cb76-6mnb8
23.3,False,face-recognition-5-deployment-59c5b6cb76-6mnb8
23.3,False,face-recognition-5-deployment-59c5b6cb76-6mnb8
23.3,False,face-recognition-5-deployment-59c5b6cb76-6mnb8
23.3,False,face-recognition-5-deployment-59c5b6cb76-6mnb8
23.3,False,face-recognition-5-deployment-59c5b6cb76-6mnb8
23.3,True,face-recognition-5-deployment-59c5b6cb76-6mnb8
23.3,True,face-recognition-5-deployment-59c5b6cb76-6mnb8
23.3,True,face-recognition-5-deployment-59c5b6cb76-6mnb8
23.3,True,face-recognition-5-deployment-59c5b6cb76-6mnb8
23.3,True,face-recognition-5-deployment-59c5b6cb76-6mnb8
23.3,True,face-recognition-5-deployment-59c5b6cb76-6mnb8
23.3,True,face-recognition-5-deployment-59c5b6cb76-6mnb8
23.3,True,face-recognition-5-deployment-59c5b6cb76-6mnb8
23.3,True,face-recognition-5-deployment-59c5b6cb76-6mnb8
23.3,True,face-recognition-5-deployment-59c5b6cb76-6mnb8
26.38,True,face-recognition-5-deployment-59c5b6cb76-6mnb8
26.38,True,face-recognition-5-deployment-59c5b6cb76-6mnb8
26.38,True,face-recognition-5-deployment-59c5b6cb76-6mnb8
26.38,True,face-recognition-5-deployment-59c5b6cb76-6mnb8
26.38,True,face-recognition-5-deployment-59c5b6cb76-6mnb8
26.38,True,face-recognition-5-deployment-59c5b6cb76-6mnb8
26.38,True,face-recognition-5-deployment-59c5b6cb76-6mnb8
26.38,True,face-recognition-5-deployment-59c5b6cb76-6mnb8
26.38,True,face-recognition-5-deployment-59c5b6cb76-6mnb8
26.38,True,face-recognition-5-deployment-59c5b6cb76-6mnb8
26.38,True,face-recognition-5-deployment-59c5b6cb76-6mnb8
26.38,True,face-recognition-5-deployment-59c5b6cb76-6mnb8
26.38,True,face-recognition-5-deployment-59c5b6cb76-6mnb8
26.38,True,face-recognition-5-deployment-59c5b6cb76-6mnb8
26.38,True,face-recognition-5-deployment-59c5b6cb76-6mnb8
26.38,True,face-recognition-5-deployment-59c5b6cb76-6mnb8
26.38,True,face-recognition-5-deployment-59c5b6cb76-6mnb8
26.38,True,face-recognition-5-deployment-59c5b6cb76-6mnb8
26.38,True,face-recognition-5-deployment-59c5b6cb76-6mnb8
26.38,True,face-recognition-5-deployment-59c5b6cb76-6mnb8
26.38,True,face-recognition-5-deployment-59c5b6cb76-6mnb8
26.38,True,face-recognition-5-deployment-59c5b6cb76-6mnb8
26.38,True,face-recognition-5-deployment-59c5b6cb76-6mnb8
26.38,True,face-recognition-5-deployment-59c5b6cb76-6mnb8
23.18,True,face-recognition-5-deployment-59c5b6cb76-6mnb8
23.18,True,face-recognition-5-deployment-59c5b6cb76-6mnb8
23.18,True,face-recognition-5-deployment-59c5b6cb76-6mnb8
23.18,True,face-recognition-5-deployment-59c5b6cb76-6mnb8
23.18,True,face-recognition-5-deployment-59c5b6cb76-6mnb8
23.18,True,face-recognition-5-deployment-59c5b6cb76-6mnb8
23.18,True,face-recognition-5-deployment-59c5b6cb76-6mnb8
23.18,True,face-recognition-5-deployment-59c5b6cb76-6mnb8
23.18,True,face-recognition-5-deployment-59c5b6cb76-6mnb8
23.18,True,face-recognition-5-deployment-59c5b6cb76-6mnb8
23.18,True,face-recognition-5-deployment-59c5b6cb76-6mnb8
23.18,True,face-recognition-5-deployment-59c5b6cb76-6mnb8
23.18,True,face-recognition-5-deployment-59c5b6cb76-6mnb8
23.18,True,face-recognition-5-deployment-59c5b6cb76-6mnb8
23.18,True,face-recognition-5-deployment-59c5b6cb76-6mnb8
23.18,True,face-recognition-5-deployment-59c5b6cb76-6mnb8
23.18,True,face-recognition-5-deployment-59c5b6cb76-6mnb8
23.18,True,face-recognition-5-deployment-59c5b6cb76-6mnb8
23.18,True,face-recognition-5-deployment-59c5b6cb76-6mnb8
23.18,True,face-recognition-5-deployment-59c5b6cb76-6mnb8
23.18,True,face-recognition-5-deployment-59c5b6cb76-6mnb8
23.18,True,face-recognition-5-deployment-59c5b6cb76-6mnb8
23.18,True,face-recognition-5-deployment-59c5b6cb76-6mnb8
23.18,True,face-recognition-5-deployment-59c5b6cb76-6mnb8
23.18,True,face-recognition-5-deployment-59c5b6cb76-6mnb8
23.18,True,face-recognition-5-deployment-59c5b6cb76-6mnb8
24.94,True,face-recognition-5-deployment-59c5b6cb76-6mnb8
24.94,True,face-recognition-5-deployment-59c5b6cb76-6mnb8
24.94,True,face-recognition-5-deployment-59c5b6cb76-6mnb8
24.94,True,face-recognition-5-deployment-59c5b6cb76-6mnb8
24.94,True,face-recognition-5-deployment-59c5b6cb76-6mnb8
24.94,True,face-recognition-5-deployment-59c5b6cb76-6mnb8
24.94,True,face-recognition-5-deployment-59c5b6cb76-6mnb8
24.94,True,face-recognition-5-deployment-59c5b6cb76-6mnb8
24.94,True,face-recognition-5-deployment-59c5b6cb76-6mnb8
24.94,True,face-recognition-5-deployment-59c5b6cb76-6mnb8
24.94,True,face-recognition-5-deployment-59c5b6cb76-6mnb8
24.94,True,face-recognition-5-deployment-59c5b6cb76-6mnb8
24.94,True,face-recognition-5-deployment-59c5b6cb76-6mnb8
24.94,True,face-recognition-5-deployment-59c5b6cb76-6mnb8
24.94,True,face-recognition-5-deployment-59c5b6cb76-6mnb8
24.94,True,face-recognition-5-deployment-59c5b6cb76-6mnb8
24.94,True,face-recognition-5-deployment-59c5b6cb76-6mnb8
24.94,True,face-recognition-5-deployment-59c5b6cb76-6mnb8
24.94,True,face-recognition-5-deployment-59c5b6cb76-6mnb8
24.94,True,face-recognition-5-deployment-59c5b6cb76-6mnb8
24.94,True,face-recognition-5-deployment-59c5b6cb76-6mnb8
24.94,True,face-recognition-5-deployment-59c5b6cb76-6mnb8
24.94,True,face-recognition-5-deployment-59c5b6cb76-6mnb8
24.94,True,face-recognition-5-deployment-59c5b6cb76-6mnb8
24.94,True,face-recognition-5-deployment-59c5b6cb76-6mnb8
24.94,True,face-recognition-5-deployment-59c5b6cb76-6mnb8
24.94,True,face-recognition-5-deployment-59c5b6cb76-6mnb8
24.94,True,face-recognition-5-deployment-59c5b6cb76-6mnb8
24.94,True,face-recognition-5-deployment-59c5b6cb76-6mnb8
24.94,True,face-recognition-5-deployment-59c5b6cb76-6mnb8
24.94,True,face-recognition-5-deployment-59c5b6cb76-6mnb8
24.94,True,face-recognition-5-deployment-59c5b6cb76-6mnb8
24.94,True,face-recognition-5-deployment-59c5b6cb76-6mnb8
24.94,True,face-recognition-5-deployment-59c5b6cb76-6mnb8
24.94,True,face-recognition-5-deployment-59c5b6cb76-6mnb8
24.94,True,face-recognition-5-deployment-59c5b6cb76-6mnb8
24.94,True,face-recognition-5-deployment-59c5b6cb76-6mnb8
24.94,True,face-recognition-5-deployment-59c5b6cb76-6mnb8
24.94,True,face-recognition-5-deployment-59c5b6cb76-6mnb8
24.94,True,face-recognition-5-deployment-59c5b6cb76-6mnb8
24.94,True,face-recognition-5-deployment-59c5b6cb76-6mnb8
24.94,True,face-recognition-5-deployment-59c5b6cb76-6mnb8
24.94,True,face-recognition-5-deployment-59c5b6cb76-6mnb8
24.94,True,face-recognition-5-deployment-59c5b6cb76-6mnb8
24.94,True,face-recognition-5-deployment-59c5b6cb76-6mnb8
24.94,True,face-recognition-5-deployment-59c5b6cb76-6mnb8
24.94,True,face-recognition-5-deployment-59c5b6cb76-6mnb8
24.94,True,face-recognition-5-deployment-59c5b6cb76-6mnb8
24.94,True,face-recognition-5-deployment-59c5b6cb76-6mnb8
24.94,True,face-recognition-5-deployment-59c5b6cb76-6mnb8
24.94,True,face-recognition-5-deployment-59c5b6cb76-6mnb8
24.94,True,face-recognition-5-deployment-59c5b6cb76-6mnb8
24.94,True,face-recognition-5-deployment-59c5b6cb76-6mnb8
24.94,True,face-recognition-5-deployment-59c5b6cb76-6mnb8
24.94,True,face-recognition-5-deployment-59c5b6cb76-6mnb8
24.94,True,face-recognition-5-deployment-59c5b6cb76-6mnb8
24.94,True,face-recognition-5-deployment-59c5b6cb76-6mnb8
24.94,True,face-recognition-5-deployment-59c5b6cb76-6mnb8
24.94,True,face-recognition-5-deployment-59c5b6cb76-6mnb8
24.94,True,face-recognition-5-deployment-59c5b6cb76-6mnb8
24.94,True,face-recognition-5-deployment-59c5b6cb76-6mnb8
24.94,True,face-recognition-5-deployment-59c5b6cb76-6mnb8
24.94,True,face-recognition-5-deployment-59c5b6cb76-6mnb8
24.94,True,face-recognition-5-deployment-59c5b6cb76-6mnb8
24.94,True,face-recognition-5-deployment-59c5b6cb76-6mnb8
24.94,True,face-recognition-5-deployment-59c5b6cb76-6mnb8
24.94,True,face-recognition-5-deployment-59c5b6cb76-6mnb8
24.94,True,face-recognition-5-deployment-59c5b6cb76-6mnb8
24.94,True,face-recognition-5-deployment-59c5b6cb76-6mnb8
24.94,True,face-recognition-5-deployment-59c5b6cb76-6mnb8
24.94,True,face-recognition-5-deployment-59c5b6cb76-6mnb8
24.94,True,face-recognition-5-deployment-59c5b6cb76-6mnb8
24.94,True,face-recognition-5-deployment-59c5b6cb76-6mnb8
24.94,True,face-recognition-5-deployment-59c5b6cb76-6mnb8
24.94,True,face-recognition-5-deployment-59c5b6cb76-6mnb8
24.94,True,face-recognition-5-deployment-59c5b6cb76-6mnb8
24.94,True,face-recognition-5-deployment-59c5b6cb76-6mnb8
24.94,True,face-recognition-5-deployment-59c5b6cb76-6mnb8
24.94,True,face-recognition-5-deployment-59c5b6cb76-6mnb8
24.94,True,face-recognition-5-deployment-59c5b6cb76-6mnb8
24.94,True,face-recognition-5-deployment-59c5b6cb76-6mnb8
24.94,True,face-recognition-5-deployment-59c5b6cb76-6mnb8
24.94,True,face-recognition-5-deployment-59c5b6cb76-6mnb8
24.94,True,face-recognition-5-deployment-59c5b6cb76-6mnb8
83.38,True,face-recognition-5-deployment-59c5b6cb76-6mnb8
83.38,True,face-recognition-5-deployment-59c5b6cb76-6mnb8
83.38,True,face-recognition-5-deployment-59c5b6cb76-6mnb8
83.38,True,face-recognition-5-deployment-59c5b6cb76-6mnb8
83.38,True,face-recognition-5-deployment-59c5b6cb76-6mnb8
83.38,True,face-recognition-5-deployment-59c5b6cb76-6mnb8
83.38,True,face-recognition-5-deployment-59c5b6cb76-6mnb8
83.38,True,face-recognition-5-deployment-59c5b6cb76-6mnb8
83.38,True,face-recognition-5-deployment-59c5b6cb76-6mnb8
83.38,True,face-recognition-5-deployment-59c5b6cb76-6mnb8
83.38,True,face-recognition-5-deployment-59c5b6cb76-6mnb8
83.38,True,face-recognition-5-deployment-59c5b6cb76-6mnb8
83.38,True,face-recognition-5-deployment-59c5b6cb76-6mnb8
83.38,True,face-recognition-5-deployment-59c5b6cb76-6mnb8
83.38,True,face-recognition-5-deployment-59c5b6cb76-6mnb8
83.38,True,face-recognition-5-deployment-59c5b6cb76-6mnb8
83.38,True,face-recognition-5-deployment-59c5b6cb76-6mnb8
83.38,True,face-recognition-5-deployment-59c5b6cb76-6mnb8
83.38,True,face-recognition-5-deployment-59c5b6cb76-6mnb8
83.38,True,face-recognition-5-deployment-59c5b6cb76-6mnb8
83.38,True,face-recognition-5-deployment-59c5b6cb76-6mnb8
83.38,True,face-recognition-5-deployment-59c5b6cb76-6mnb8
83.38,True,face-recognition-5-deployment-59c5b6cb76-6mnb8
83.38,True,face-recognition-5-deployment-59c5b6cb76-6mnb8
83.38,True,face-recognition-5-deployment-59c5b6cb76-6mnb8
83.38,True,face-recognition-5-deployment-59c5b6cb76-6mnb8
83.38,True,face-recognition-5-deployment-59c5b6cb76-6mnb8
83.38,True,face-recognition-5-deployment-59c5b6cb76-6mnb8
83.38,True,face-recognition-5-deployment-59c5b6cb76-6mnb8
83.38,True,face-recognition-5-deployment-59c5b6cb76-6mnb8
83.38,True,face-recognition-5-deployment-59c5b6cb76-6mnb8
83.38,True,face-recognition-5-deployment-59c5b6cb76-6mnb8
31.99,True,face-recognition-5-deployment-59c5b6cb76-6mnb8
31.99,True,face-recognition-5-deployment-59c5b6cb76-6mnb8
31.99,True,face-recognition-5-deployment-59c5b6cb76-6mnb8
31.99,True,face-recognition-5-deployment-59c5b6cb76-6mnb8
31.99,True,face-recognition-5-deployment-59c5b6cb76-6mnb8
31.99,True,face-recognition-5-deployment-59c5b6cb76-6mnb8
31.99,True,face-recognition-5-deployment-59c5b6cb76-6mnb8
31.99,True,face-recognition-5-deployment-59c5b6cb76-6mnb8
31.99,True,face-recognition-5-deployment-59c5b6cb76-6mnb8
31.99,True,face-recognition-5-deployment-59c5b6cb76-6mnb8
31.99,True,face-recognition-5-deployment-59c5b6cb76-6mnb8
31.99,True,face-recognition-5-deployment-59c5b6cb76-6mnb8
31.99,True,face-recognition-5-deployment-59c5b6cb76-6mnb8
31.99,True,face-recognition-5-deployment-59c5b6cb76-6mnb8
31.99,True,face-recognition-5-deployment-59c5b6cb76-6mnb8
31.99,True,face-recognition-5-deployment-59c5b6cb76-6mnb8
31.99,True,face-recognition-5-deployment-59c5b6cb76-6mnb8
31.99,True,face-recognition-5-deployment-59c5b6cb76-6mnb8
31.99,True,face-recognition-5-deployment-59c5b6cb76-6mnb8
31.99,True,face-recognition-5-deployment-59c5b6cb76-6mnb8
31.99,True,face-recognition-5-deployment-59c5b6cb76-6mnb8
31.99,True,face-recognition-5-deployment-59c5b6cb76-6mnb8
31.99,True,face-recognition-5-deployment-59c5b6cb76-6mnb8
31.99,True,face-recognition-5-deployment-59c5b6cb76-6mnb8
23.27,True,face-recognition-5-deployment-59c5b6cb76-6mnb8
23.27,True,face-recognition-5-deployment-59c5b6cb76-6mnb8
23.27,True,face-recognition-5-deployment-59c5b6cb76-6mnb8
23.27,True,face-recognition-5-deployment-59c5b6cb76-6mnb8
23.27,True,face-recognition-5-deployment-59c5b6cb76-6mnb8
23.27,True,face-recognition-5-deployment-59c5b6cb76-6mnb8
23.27,True,face-recognition-5-deployment-59c5b6cb76-6mnb8
23.27,True,face-recognition-5-deployment-59c5b6cb76-6mnb8
23.27,True,face-recognition-5-deployment-59c5b6cb76-6mnb8
23.27,True,face-recognition-5-deployment-59c5b6cb76-6mnb8
23.27,True,face-recognition-5-deployment-59c5b6cb76-6mnb8
23.27,True,face-recognition-5-deployment-59c5b6cb76-6mnb8
23.27,True,face-recognition-5-deployment-59c5b6cb76-6mnb8
23.27,True,face-recognition-5-deployment-59c5b6cb76-6mnb8
23.27,True,face-recognition-5-deployment-59c5b6cb76-6mnb8
23.27,True,face-recognition-5-deployment-59c5b6cb76-6mnb8
23.27,True,face-recognition-5-deployment-59c5b6cb76-6mnb8
23.27,True,face-recognition-5-deployment-59c5b6cb76-6mnb8
23.27,True,face-recognition-5-deployment-59c5b6cb76-6mnb8
23.27,True,face-recognition-5-deployment-59c5b6cb76-6mnb8
23.27,True,face-recognition-5-deployment-59c5b6cb76-6mnb8
23.27,True,face-recognition-5-deployment-59c5b6cb76-6mnb8
23.27,True,face-recognition-5-deployment-59c5b6cb76-6mnb8
23.27,True,face-recognition-5-deployment-59c5b6cb76-6mnb8
23.27,True,face-recognition-5-deployment-59c5b6cb76-6mnb8
23.27,True,face-recognition-5-deployment-59c5b6cb76-6mnb8
23.27,True,face-recognition-5-deployment-59c5b6cb76-6mnb8
23.27,True,face-recognition-5-deployment-59c5b6cb76-6mnb8
23.27,True,face-recognition-5-deployment-59c5b6cb76-6mnb8
23.27,True,face-recognition-5-deployment-59c5b6cb76-6mnb8
23.27,True,face-recognition-5-deployment-59c5b6cb76-6mnb8
23.27,True,face-recognition-5-deployment-59c5b6cb76-6mnb8
23.27,True,face-recognition-5-deployment-59c5b6cb76-6mnb8
23.27,True,face-recognition-5-deployment-59c5b6cb76-6mnb8
23.27,True,face-recognition-5-deployment-59c5b6cb76-6mnb8
23.27,True,face-recognition-5-deployment-59c5b6cb76-6mnb8
23.27,True,face-recognition-5-deployment-59c5b6cb76-6mnb8
23.27,True,face-recognition-5-deployment-59c5b6cb76-6mnb8
36.36,True,face-recognition-5-deployment-59c5b6cb76-6mnb8
36.36,True,face-recognition-5-deployment-59c5b6cb76-6mnb8
36.36,True,face-recognition-5-deployment-59c5b6cb76-6mnb8
36.36,True,face-recognition-5-deployment-59c5b6cb76-6mnb8
36.36,True,face-recognition-5-deployment-59c5b6cb76-6mnb8
36.36,True,face-recognition-5-deployment-59c5b6cb76-6mnb8
36.36,True,face-recognition-5-deployment-59c5b6cb76-6mnb8
36.36,True,face-recognition-5-deployment-59c5b6cb76-6mnb8
36.36,True,face-recognition-5-deployment-59c5b6cb76-6mnb8
36.36,True,face-recognition-5-deployment-59c5b6cb76-6mnb8
36.36,True,face-recognition-5-deployment-59c5b6cb76-6mnb8
36.36,True,face-recognition-5-deployment-59c5b6cb76-6mnb8
36.36,True,face-recognition-5-deployment-59c5b6cb76-6mnb8
36.36,True,face-recognition-5-deployment-59c5b6cb76-6mnb8
36.36,True,face-recognition-5-deployment-59c5b6cb76-6mnb8
36.36,True,face-recognition-5-deployment-59c5b6cb76-6mnb8
36.36,True,face-recognition-5-deployment-59c5b6cb76-6mnb8
36.36,True,face-recognition-5-deployment-59c5b6cb76-6mnb8
36.36,True,face-recognition-5-deployment-59c5b6cb76-6mnb8
36.36,True,face-recognition-5-deployment-59c5b6cb76-6mnb8
36.36,True,face-recognition-5-deployment-59c5b6cb76-6mnb8
36.36,True,face-recognition-5-deployment-59c5b6cb76-6mnb8
36.36,True,face-recognition-5-deployment-59c5b6cb76-6mnb8
36.36,True,face-recognition-5-deployment-59c5b6cb76-6mnb8
36.36,True,face-recognition-5-deployment-59c5b6cb76-6mnb8
36.36,True,face-recognition-5-deployment-59c5b6cb76-6mnb8
36.36,True,face-recognition-5-deployment-59c5b6cb76-6mnb8
36.36,True,face-recognition-5-deployment-59c5b6cb76-6mnb8
36.36,True,face-recognition-5-deployment-59c5b6cb76-6mnb8
36.36,True,face-recognition-5-deployment-59c5b6cb76-6mnb8
36.36,True,face-recognition-5-deployment-59c5b6cb76-6mnb8
36.36,True,face-recognition-5-deployment-59c5b6cb76-6mnb8
36.36,True,face-recognition-5-deployment-59c5b6cb76-6mnb8
36.36,True,face-recognition-5-deployment-59c5b6cb76-6mnb8
36.36,True,face-recognition-5-deployment-59c5b6cb76-6mnb8
36.36,True,face-recognition-5-deployment-59c5b6cb76-6mnb8
36.36,True,face-recognition-5-deployment-59c5b6cb76-6mnb8
36.36,True,face-recognition-5-deployment-59c5b6cb76-6mnb8
36.36,True,face-recognition-5-deployment-59c5b6cb76-6mnb8
36.36,True,face-recognition-5-deployment-59c5b6cb76-6mnb8
38.11,True,face-recognition-5-deployment-59c5b6cb76-6mnb8
38.11,True,face-recognition-5-deployment-59c5b6cb76-6mnb8
38.11,True,face-recognition-5-deployment-59c5b6cb76-6mnb8
38.11,True,face-recognition-5-deployment-59c5b6cb76-6mnb8
38.11,True,face-recognition-5-deployment-59c5b6cb76-6mnb8
38.11,True,face-recognition-5-deployment-59c5b6cb76-6mnb8
38.11,True,face-recognition-5-deployment-59c5b6cb76-6mnb8
38.11,True,face-recognition-5-deployment-59c5b6cb76-6mnb8
38.11,True,face-recognition-5-deployment-59c5b6cb76-6mnb8
38.11,True,face-recognition-5-deployment-59c5b6cb76-6mnb8
38.11,True,face-recognition-5-deployment-59c5b6cb76-6mnb8
38.11,True,face-recognition-5-deployment-59c5b6cb76-6mnb8
38.11,True,face-recognition-5-deployment-59c5b6cb76-6mnb8
38.11,True,face-recognition-5-deployment-59c5b6cb76-6mnb8
38.11,True,face-recognition-5-deployment-59c5b6cb76-6mnb8
38.11,True,face-recognition-5-deployment-59c5b6cb76-6mnb8
38.11,True,face-recognition-5-deployment-59c5b6cb76-6mnb8
38.11,True,face-recognition-5-deployment-59c5b6cb76-6mnb8
38.11,True,face-recognition-5-deployment-59c5b6cb76-6mnb8
38.11,True,face-recognition-5-deployment-59c5b6cb76-6mnb8
38.11,True,face-recognition-5-deployment-59c5b6cb76-6mnb8
38.11,True,face-recognition-5-deployment-59c5b6cb76-6mnb8
38.11,True,face-recognition-5-deployment-59c5b6cb76-6mnb8
38.11,True,face-recognition-5-deployment-59c5b6cb76-6mnb8
22.95,True,face-recognition-5-deployment-59c5b6cb76-6mnb8
22.95,True,face-recognition-5-deployment-59c5b6cb76-6mnb8
22.95,True,face-recognition-5-deployment-59c5b6cb76-6mnb8
22.95,True,face-recognition-5-deployment-59c5b6cb76-6mnb8
22.95,True,face-recognition-5-deployment-59c5b6cb76-6mnb8
22.95,True,face-recognition-5-deployment-59c5b6cb76-6mnb8
22.95,True,face-recognition-5-deployment-59c5b6cb76-6mnb8
22.95,True,face-recognition-5-deployment-59c5b6cb76-6mnb8
22.95,True,face-recognition-5-deployment-59c5b6cb76-6mnb8
22.95,True,face-recognition-5-deployment-59c5b6cb76-6mnb8
22.95,True,face-recognition-5-deployment-59c5b6cb76-6mnb8
22.95,True,face-recognition-5-deployment-59c5b6cb76-6mnb8
22.95,True,face-recognition-5-deployment-59c5b6cb76-6mnb8
22.95,True,face-recognition-5-deployment-59c5b6cb76-6mnb8
22.95,True,face-recognition-5-deployment-59c5b6cb76-6mnb8
22.95,True,face-recognition-5-deployment-59c5b6cb76-6mnb8
22.95,True,face-recognition-5-deployment-59c5b6cb76-6mnb8
22.95,True,face-recognition-5-deployment-59c5b6cb76-6mnb8
22.95,True,face-recognition-5-deployment-59c5b6cb76-6mnb8
22.95,True,face-recognition-5-deployment-59c5b6cb76-6mnb8
22.95,True,face-recognition-5-deployment-59c5b6cb76-6mnb8
22.95,True,face-recognition-5-deployment-59c5b6cb76-6mnb8
22.95,True,face-recognition-5-deployment-59c5b6cb76-6mnb8
22.95,True,face-recognition-5-deployment-59c5b6cb76-6mnb8
22.95,True,face-recognition-5-deployment-59c5b6cb76-6mnb8
22.95,True,face-recognition-5-deployment-59c5b6cb76-6mnb8
22.95,True,face-recognition-5-deployment-59c5b6cb76-6mnb8
22.95,True,face-recognition-5-deployment-59c5b6cb76-6mnb8
22.95,True,face-recognition-5-deployment-59c5b6cb76-6mnb8
22.95,True,face-recognition-5-deployment-59c5b6cb76-6mnb8
22.95,True,face-recognition-5-deployment-59c5b6cb76-6mnb8
22.95,True,face-recognition-5-deployment-59c5b6cb76-6mnb8
22.95,True,face-recognition-5-deployment-59c5b6cb76-6mnb8
22.95,True,face-recognition-5-deployment-59c5b6cb76-6mnb8
22.95,True,face-recognition-5-deployment-59c5b6cb76-6mnb8
22.95,True,face-recognition-5-deployment-59c5b6cb76-6mnb8
22.95,True,face-recognition-5-deployment-59c5b6cb76-6mnb8
22.95,True,face-recognition-5-deployment-59c5b6cb76-6mnb8
22.95,True,face-recognition-5-deployment-59c5b6cb76-6mnb8
22.95,True,face-recognition-5-deployment-59c5b6cb76-6mnb8
22.95,True,face-recognition-5-deployment-59c5b6cb76-6mnb8
22.95,True,face-recognition-5-deployment-59c5b6cb76-6mnb8
22.95,True,face-recognition-5-deployment-59c5b6cb76-6mnb8
22.95,True,face-recognition-5-deployment-59c5b6cb76-6mnb8
22.95,True,face-recognition-5-deployment-59c5b6cb76-6mnb8
22.95,True,face-recognition-5-deployment-59c5b6cb76-6mnb8
22.95,True,face-recognition-5-deployment-59c5b6cb76-6mnb8
22.95,True,face-recognition-5-deployment-59c5b6cb76-6mnb8
22.95,True,face-recognition-5-deployment-59c5b6cb76-6mnb8
22.95,True,face-recognition-5-deployment-59c5b6cb76-6mnb8
22.95,True,face-recognition-5-deployment-59c5b6cb76-6mnb8
22.95,True,face-recognition-5-deployment-59c5b6cb76-6mnb8
22.95,True,face-recognition-5-deployment-59c5b6cb76-6mnb8
22.95,True,face-recognition-5-deployment-59c5b6cb76-6mnb8
22.95,True,face-recognition-5-deployment-59c5b6cb76-6mnb8
22.95,True,face-recognition-5-deployment-59c5b6cb76-6mnb8
22.95,True,face-recognition-5-deployment-59c5b6cb76-6mnb8
22.95,True,face-recognition-5-deployment-59c5b6cb76-6mnb8
22.95,True,face-recognition-5-deployment-59c5b6cb76-6mnb8
22.95,True,face-recognition-5-deployment-59c5b6cb76-6mnb8
22.95,True,face-recognition-5-deployment-59c5b6cb76-6mnb8
22.95,True,face-recognition-5-deployment-59c5b6cb76-6mnb8
22.95,True,face-recognition-5-deployment-59c5b6cb76-6mnb8
22.95,True,face-recognition-5-deployment-59c5b6cb76-6mnb8
22.95,True,face-recognition-5-deployment-59c5b6cb76-6mnb8
22.95,True,face-recognition-5-deployment-59c5b6cb76-6mnb8
22.95,True,face-recognition-5-deployment-59c5b6cb76-6mnb8
22.95,True,face-recognition-5-deployment-59c5b6cb76-6mnb8
22.95,True,face-recognition-5-deployment-59c5b6cb76-6mnb8
22.95,True,face-recognition-5-deployment-59c5b6cb76-6mnb8
22.95,True,face-recognition-5-deployment-59c5b6cb76-6mnb8
22.95,True,face-recognition-5-deployment-59c5b6cb76-6mnb8
22.95,True,face-recognition-5-deployment-59c5b6cb76-6mnb8
22.95,True,face-recognition-5-deployment-59c5b6cb76-6mnb8
48.3,True,face-recognition-5-deployment-59c5b6cb76-6mnb8
48.3,True,face-recognition-5-deployment-59c5b6cb76-6mnb8
48.3,True,face-recognition-5-deployment-59c5b6cb76-6mnb8
48.3,True,face-recognition-5-deployment-59c5b6cb76-6mnb8
48.3,True,face-recognition-5-deployment-59c5b6cb76-6mnb8
48.3,True,face-recognition-5-deployment-59c5b6cb76-6mnb8
48.3,True,face-recognition-5-deployment-59c5b6cb76-6mnb8
48.3,True,face-recognition-5-deployment-59c5b6cb76-6mnb8
48.3,True,face-recognition-5-deployment-59c5b6cb76-6mnb8
48.3,True,face-recognition-5-deployment-59c5b6cb76-6mnb8
48.3,True,face-recognition-5-deployment-59c5b6cb76-6mnb8
48.3,True,face-recognition-5-deployment-59c5b6cb76-6mnb8
48.3,True,face-recognition-5-deployment-59c5b6cb76-6mnb8
48.3,True,face-recognition-5-deployment-59c5b6cb76-6mnb8
48.3,True,face-recognition-5-deployment-59c5b6cb76-6mnb8
48.3,True,face-recognition-5-deployment-59c5b6cb76-6mnb8
48.3,True,face-recognition-5-deployment-59c5b6cb76-6mnb8
48.3,True,face-recognition-5-deployment-59c5b6cb76-6mnb8
48.3,True,face-recognition-5-deployment-59c5b6cb76-6mnb8
48.3,True,face-recognition-5-deployment-59c5b6cb76-6mnb8
48.3,True,face-recognition-5-deployment-59c5b6cb76-6mnb8
48.3,True,face-recognition-5-deployment-59c5b6cb76-6mnb8
48.3,True,face-recognition-5-deployment-59c5b6cb76-6mnb8
48.3,True,face-recognition-5-deployment-59c5b6cb76-6mnb8
48.3,True,face-recognition-5-deployment-59c5b6cb76-6mnb8
48.3,True,face-recognition-5-deployment-59c5b6cb76-6mnb8
24.64,True,face-recognition-5-deployment-59c5b6cb76-6mnb8
24.64,True,face-recognition-5-deployment-59c5b6cb76-6mnb8
24.64,True,face-recognition-5-deployment-59c5b6cb76-6mnb8
24.64,True,face-recognition-5-deployment-59c5b6cb76-6mnb8
24.64,True,face-recognition-5-deployment-59c5b6cb76-6mnb8
24.64,True,face-recognition-5-deployment-59c5b6cb76-6mnb8
24.64,True,face-recognition-5-deployment-59c5b6cb76-6mnb8
24.64,True,face-recognition-5-deployment-59c5b6cb76-6mnb8
24.64,True,face-recognition-5-deployment-59c5b6cb76-6mnb8
24.64,True,face-recognition-5-deployment-59c5b6cb76-6mnb8
24.64,True,face-recognition-5-deployment-59c5b6cb76-6mnb8
24.64,True,face-recognition-5-deployment-59c5b6cb76-6mnb8
24.64,True,face-recognition-5-deployment-59c5b6cb76-6mnb8
24.64,True,face-recognition-5-deployment-59c5b6cb76-6mnb8
24.64,True,face-recognition-5-deployment-59c5b6cb76-6mnb8
24.64,True,face-recognition-5-deployment-59c5b6cb76-6mnb8
24.64,True,face-recognition-5-deployment-59c5b6cb76-6mnb8
24.64,True,face-recognition-5-deployment-59c5b6cb76-6mnb8
24.64,True,face-recognition-5-deployment-59c5b6cb76-6mnb8
24.64,True,face-recognition-5-deployment-59c5b6cb76-6mnb8
24.64,True,face-recognition-5-deployment-59c5b6cb76-6mnb8
24.64,True,face-recognition-5-deployment-59c5b6cb76-6mnb8
24.64,True,face-recognition-5-deployment-59c5b6cb76-6mnb8
24.64,True,face-recognition-5-deployment-59c5b6cb76-6mnb8
24.64,True,face-recognition-5-deployment-59c5b6cb76-6mnb8
24.64,True,face-recognition-5-deployment-59c5b6cb76-6mnb8
24.64,True,face-recognition-5-deployment-59c5b6cb76-6mnb8
24.64,True,face-recognition-5-deployment-59c5b6cb76-6mnb8
24.64,True,face-recognition-5-deployment-59c5b6cb76-6mnb8
24.64,True,face-recognition-5-deployment-59c5b6cb76-6mnb8
29.88,True,face-recognition-5-deployment-59c5b6cb76-6mnb8
29.88,True,face-recognition-5-deployment-59c5b6cb76-6mnb8
29.88,True,face-recognition-5-deployment-59c5b6cb76-6mnb8
29.88,True,face-recognition-5-deployment-59c5b6cb76-6mnb8
29.88,True,face-recognition-5-deployment-59c5b6cb76-6mnb8
29.88,True,face-recognition-5-deployment-59c5b6cb76-6mnb8
29.88,True,face-recognition-5-deployment-59c5b6cb76-6mnb8
29.88,True,face-recognition-5-deployment-59c5b6cb76-6mnb8
29.88,True,face-recognition-5-deployment-59c5b6cb76-6mnb8
29.88,True,face-recognition-5-deployment-59c5b6cb76-6mnb8
29.88,True,face-recognition-5-deployment-59c5b6cb76-6mnb8
29.88,True,face-recognition-5-deployment-59c5b6cb76-6mnb8
29.88,True,face-recognition-5-deployment-59c5b6cb76-6mnb8
29.88,True,face-recognition-5-deployment-59c5b6cb76-6mnb8
29.88,True,face-recognition-5-deployment-59c5b6cb76-6mnb8
29.88,True,face-recognition-5-deployment-59c5b6cb76-6mnb8
29.88,True,face-recognition-5-deployment-59c5b6cb76-6mnb8
29.88,True,face-recognition-5-deployment-59c5b6cb76-6mnb8
29.88,True,face-recognition-5-deployment-59c5b6cb76-6mnb8
29.88,True,face-recognition-5-deployment-59c5b6cb76-6mnb8
29.88,True,face-recognition-5-deployment-59c5b6cb76-6mnb8
29.88,True,face-recognition-5-deployment-59c5b6cb76-6mnb8
29.88,True,face-recognition-5-deployment-59c5b6cb76-6mnb8
29.88,True,face-recognition-5-deployment-59c5b6cb76-6mnb8
29.88,True,face-recognition-5-deployment-59c5b6cb76-6mnb8
29.88,True,face-recognition-5-deployment-59c5b6cb76-6mnb8
29.88,True,face-recognition-5-deployment-59c5b6cb76-6mnb8
29.88,True,face-recognition-5-deployment-59c5b6cb76-6mnb8
29.88,True,face-recognition-5-deployment-59c5b6cb76-6mnb8
29.88,True,face-recognition-5-deployment-59c5b6cb76-6mnb8
29.0,True,face-recognition-5-deployment-59c5b6cb76-6mnb8
29.0,True,face-recognition-5-deployment-59c5b6cb76-6mnb8
29.0,True,face-recognition-5-deployment-59c5b6cb76-6mnb8
29.0,True,face-recognition-5-deployment-59c5b6cb76-6mnb8
29.0,True,face-recognition-5-deployment-59c5b6cb76-6mnb8
29.0,True,face-recognition-5-deployment-59c5b6cb76-6mnb8
29.0,True,face-recognition-5-deployment-59c5b6cb76-6mnb8
29.0,True,face-recognition-5-deployment-59c5b6cb76-6mnb8
29.0,True,face-recognition-5-deployment-59c5b6cb76-6mnb8
29.0,True,face-recognition-5-deployment-59c5b6cb76-6mnb8
29.0,True,face-recognition-5-deployment-59c5b6cb76-6mnb8
29.0,True,face-recognition-5-deployment-59c5b6cb76-6mnb8
29.0,True,face-recognition-5-deployment-59c5b6cb76-6mnb8
29.0,True,face-recognition-5-deployment-59c5b6cb76-6mnb8
29.0,True,face-recognition-5-deployment-59c5b6cb76-6mnb8
29.0,True,face-recognition-5-deployment-59c5b6cb76-6mnb8
29.0,True,face-recognition-5-deployment-59c5b6cb76-6mnb8
29.0,True,face-recognition-5-deployment-59c5b6cb76-6mnb8
29.0,True,face-recognition-5-deployment-59c5b6cb76-6mnb8
29.0,True,face-recognition-5-deployment-59c5b6cb76-6mnb8
29.0,True,face-recognition-5-deployment-59c5b6cb76-6mnb8
29.0,True,face-recognition-5-deployment-59c5b6cb76-6mnb8
29.0,True,face-recognition-5-deployment-59c5b6cb76-6mnb8
29.0,True,face-recognition-5-deployment-59c5b6cb76-6mnb8
29.0,True,face-recognition-5-deployment-59c5b6cb76-6mnb8
29.0,True,face-recognition-5-deployment-59c5b6cb76-6mnb8
29.0,True,face-recognition-5-deployment-59c5b6cb76-6mnb8
29.0,True,face-recognition-5-deployment-59c5b6cb76-6mnb8
29.0,True,face-recognition-5-deployment-59c5b6cb76-6mnb8
29.0,True,face-recognition-5-deployment-59c5b6cb76-6mnb8
29.0,True,face-recognition-5-deployment-59c5b6cb76-6mnb8
29.0,True,face-recognition-5-deployment-59c5b6cb76-6mnb8
29.0,True,face-recognition-5-deployment-59c5b6cb76-6mnb8
29.0,True,face-recognition-5-deployment-59c5b6cb76-6mnb8
29.0,True,face-recognition-5-deployment-59c5b6cb76-6mnb8
29.0,True,face-recognition-5-deployment-59c5b6cb76-6mnb8
29.0,True,face-recognition-5-deployment-59c5b6cb76-6mnb8
29.0,True,face-recognition-5-deployment-59c5b6cb76-6mnb8
29.0,True,face-recognition-5-deployment-59c5b6cb76-6mnb8
29.0,True,face-recognition-5-deployment-59c5b6cb76-6mnb8
29.0,True,face-recognition-5-deployment-59c5b6cb76-6mnb8
29.0,True,face-recognition-5-deployment-59c5b6cb76-6mnb8
29.0,True,face-recognition-5-deployment-59c5b6cb76-6mnb8
29.0,True,face-recognition-5-deployment-59c5b6cb76-6mnb8
41.33,True,face-recognition-5-deployment-59c5b6cb76-6mnb8
41.33,True,face-recognition-5-deployment-59c5b6cb76-6mnb8
41.33,True,face-recognition-5-deployment-59c5b6cb76-6mnb8
41.33,True,face-recognition-5-deployment-59c5b6cb76-6mnb8
41.33,True,face-recognition-5-deployment-59c5b6cb76-6mnb8
41.33,True,face-recognition-5-deployment-59c5b6cb76-6mnb8
41.33,True,face-recognition-5-deployment-59c5b6cb76-6mnb8
41.33,True,face-recognition-5-deployment-59c5b6cb76-6mnb8
41.33,True,face-recognition-5-deployment-59c5b6cb76-6mnb8
41.33,True,face-recognition-5-deployment-59c5b6cb76-6mnb8
41.33,True,face-recognition-5-deployment-59c5b6cb76-6mnb8
41.33,True,face-recognition-5-deployment-59c5b6cb76-6mnb8
41.33,True,face-recognition-5-deployment-59c5b6cb76-6mnb8
41.33,True,face-recognition-5-deployment-59c5b6cb76-6mnb8
41.33,True,face-recognition-5-deployment-59c5b6cb76-6mnb8
41.33,True,face-recognition-5-deployment-59c5b6cb76-6mnb8
41.33,True,face-recognition-5-deployment-59c5b6cb76-6mnb8
41.33,True,face-recognition-5-deployment-59c5b6cb76-6mnb8
41.33,True,face-recognition-5-deployment-59c5b6cb76-6mnb8
41.33,True,face-recognition-5-deployment-59c5b6cb76-6mnb8
41.33,True,face-recognition-5-deployment-59c5b6cb76-6mnb8
41.33,True,face-recognition-5-deployment-59c5b6cb76-6mnb8
41.33,True,face-recognition-5-deployment-59c5b6cb76-6mnb8
41.33,True,face-recognition-5-deployment-59c5b6cb76-6mnb8
41.33,True,face-recognition-5-deployment-59c5b6cb76-6mnb8
41.33,True,face-recognition-5-deployment-59c5b6cb76-6mnb8
41.33,True,face-recognition-5-deployment-59c5b6cb76-6mnb8
41.33,True,face-recognition-5-deployment-59c5b6cb76-6mnb8
41.33,True,face-recognition-5-deployment-59c5b6cb76-6mnb8
41.33,True,face-recognition-5-deployment-59c5b6cb76-6mnb8
28.33,True,face-recognition-5-deployment-59c5b6cb76-6mnb8
28.33,True,face-recognition-5-deployment-59c5b6cb76-6mnb8
28.33,True,face-recognition-5-deployment-59c5b6cb76-6mnb8
28.33,True,face-recognition-5-deployment-59c5b6cb76-6mnb8
28.33,True,face-recognition-5-deployment-59c5b6cb76-6mnb8
28.33,True,face-recognition-5-deployment-59c5b6cb76-6mnb8
28.33,True,face-recognition-5-deployment-59c5b6cb76-6mnb8
28.33,True,face-recognition-5-deployment-59c5b6cb76-6mnb8
28.33,True,face-recognition-5-deployment-59c5b6cb76-6mnb8
28.33,True,face-recognition-5-deployment-59c5b6cb76-6mnb8
28.33,True,face-recognition-5-deployment-59c5b6cb76-6mnb8
28.33,True,face-recognition-5-deployment-59c5b6cb76-6mnb8
28.33,True,face-recognition-5-deployment-59c5b6cb76-6mnb8
28.33,True,face-recognition-5-deployment-59c5b6cb76-6mnb8
28.33,True,face-recognition-5-deployment-59c5b6cb76-6mnb8
28.33,True,face-recognition-5-deployment-59c5b6cb76-6mnb8
28.33,True,face-recognition-5-deployment-59c5b6cb76-6mnb8
28.33,True,face-recognition-5-deployment-59c5b6cb76-6mnb8
28.33,True,face-recognition-5-deployment-59c5b6cb76-6mnb8
28.33,True,face-recognition-5-deployment-59c5b6cb76-6mnb8
28.33,True,face-recognition-5-deployment-59c5b6cb76-6mnb8
28.33,True,face-recognition-5-deployment-59c5b6cb76-6mnb8
28.33,True,face-recognition-5-deployment-59c5b6cb76-6mnb8
28.33,True,face-recognition-5-deployment-59c5b6cb76-6mnb8
28.33,True,face-recognition-5-deployment-59c5b6cb76-6mnb8
28.33,True,face-recognition-5-deployment-59c5b6cb76-6mnb8
24.89,True,face-recognition-5-deployment-59c5b6cb76-6mnb8
24.89,True,face-recognition-5-deployment-59c5b6cb76-6mnb8
24.89,True,face-recognition-5-deployment-59c5b6cb76-6mnb8
24.89,True,face-recognition-5-deployment-59c5b6cb76-6mnb8
24.89,True,face-recognition-5-deployment-59c5b6cb76-6mnb8
24.89,True,face-recognition-5-deployment-59c5b6cb76-6mnb8
24.89,True,face-recognition-5-deployment-59c5b6cb76-6mnb8
24.89,True,face-recognition-5-deployment-59c5b6cb76-6mnb8
24.89,True,face-recognition-5-deployment-59c5b6cb76-6mnb8
24.89,True,face-recognition-5-deployment-59c5b6cb76-6mnb8
24.89,True,face-recognition-5-deployment-59c5b6cb76-6mnb8
24.89,True,face-recognition-5-deployment-59c5b6cb76-6mnb8
24.89,True,face-recognition-5-deployment-59c5b6cb76-6mnb8
24.89,True,face-recognition-5-deployment-59c5b6cb76-6mnb8
24.89,True,face-recognition-5-deployment-59c5b6cb76-6mnb8
24.89,True,face-recognition-5-deployment-59c5b6cb76-6mnb8
24.89,True,face-recognition-5-deployment-59c5b6cb76-6mnb8
24.89,True,face-recognition-5-deployment-59c5b6cb76-6mnb8
24.89,True,face-recognition-5-deployment-59c5b6cb76-6mnb8
24.89,True,face-recognition-5-deployment-59c5b6cb76-6mnb8
24.89,True,face-recognition-5-deployment-59c5b6cb76-6mnb8
24.89,True,face-recognition-5-deployment-59c5b6cb76-6mnb8
24.89,True,face-recognition-5-deployment-59c5b6cb76-6mnb8
24.89,True,face-recognition-5-deployment-59c5b6cb76-6mnb8
24.89,True,face-recognition-5-deployment-59c5b6cb76-6mnb8
24.89,True,face-recognition-5-deployment-59c5b6cb76-6mnb8
24.88,True,face-recognition-5-deployment-59c5b6cb76-6mnb8
24.88,True,face-recognition-5-deployment-59c5b6cb76-6mnb8
24.88,True,face-recognition-5-deployment-59c5b6cb76-6mnb8
24.88,True,face-recognition-5-deployment-59c5b6cb76-6mnb8
24.88,True,face-recognition-5-deployment-59c5b6cb76-6mnb8
24.88,True,face-recognition-5-deployment-59c5b6cb76-6mnb8
24.88,True,face-recognition-5-deployment-59c5b6cb76-6mnb8
24.88,True,face-recognition-5-deployment-59c5b6cb76-6mnb8
24.88,True,face-recognition-5-deployment-59c5b6cb76-6mnb8
24.88,True,face-recognition-5-deployment-59c5b6cb76-6mnb8
24.88,True,face-recognition-5-deployment-59c5b6cb76-6mnb8
24.88,True,face-recognition-5-deployment-59c5b6cb76-6mnb8
24.88,True,face-recognition-5-deployment-59c5b6cb76-6mnb8
24.88,True,face-recognition-5-deployment-59c5b6cb76-6mnb8
24.88,True,face-recognition-5-deployment-59c5b6cb76-6mnb8
24.88,True,face-recognition-5-deployment-59c5b6cb76-6mnb8
24.88,True,face-recognition-5-deployment-59c5b6cb76-6mnb8
24.88,True,face-recognition-5-deployment-59c5b6cb76-6mnb8
24.88,True,face-recognition-5-deployment-59c5b6cb76-6mnb8
24.88,True,face-recognition-5-deployment-59c5b6cb76-6mnb8
24.88,True,face-recognition-5-deployment-59c5b6cb76-6mnb8
24.88,True,face-recognition-5-deployment-59c5b6cb76-6mnb8
24.88,True,face-recognition-5-deployment-59c5b6cb76-6mnb8
24.88,True,face-recognition-5-deployment-59c5b6cb76-6mnb8
24.88,True,face-recognition-5-deployment-59c5b6cb76-6mnb8
24.88,True,face-recognition-5-deployment-59c5b6cb76-6mnb8
24.88,True,face-recognition-5-deployment-59c5b6cb76-6mnb8
24.88,True,face-recognition-5-deployment-59c5b6cb76-6mnb8
24.88,True,face-recognition-5-deployment-59c5b6cb76-6mnb8
24.88,True,face-recognition-5-deployment-59c5b6cb76-6mnb8
24.88,True,face-recognition-5-deployment-59c5b6cb76-6mnb8
24.88,True,face-recognition-5-deployment-59c5b6cb76-6mnb8
24.88,True,face-recognition-5-deployment-59c5b6cb76-6mnb8
24.88,True,face-recognition-5-deployment-59c5b6cb76-6mnb8
24.88,True,face-recognition-5-deployment-59c5b6cb76-6mnb8
24.88,True,face-recognition-5-deployment-59c5b6cb76-6mnb8
24.88,True,face-recognition-5-deployment-59c5b6cb76-6mnb8
24.88,True,face-recognition-5-deployment-59c5b6cb76-6mnb8
24.88,True,face-recognition-5-deployment-59c5b6cb76-6mnb8
24.88,True,face-recognition-5-deployment-59c5b6cb76-6mnb8
24.88,True,face-recognition-5-deployment-59c5b6cb76-6mnb8
24.88,True,face-recognition-5-deployment-59c5b6cb76-6mnb8
24.88,True,face-recognition-5-deployment-59c5b6cb76-6mnb8
24.88,True,face-recognition-5-deployment-59c5b6cb76-6mnb8
24.88,True,face-recognition-5-deployment-59c5b6cb76-6mnb8
24.88,True,face-recognition-5-deployment-59c5b6cb76-6mnb8
45.85,True,face-recognition-5-deployment-59c5b6cb76-6mnb8
45.85,True,face-recognition-5-deployment-59c5b6cb76-6mnb8
45.85,True,face-recognition-5-deployment-59c5b6cb76-6mnb8
45.85,True,face-recognition-5-deployment-59c5b6cb76-6mnb8
45.85,True,face-recognition-5-deployment-59c5b6cb76-6mnb8
45.85,True,face-recognition-5-deployment-59c5b6cb76-6mnb8
45.85,True,face-recognition-5-deployment-59c5b6cb76-6mnb8
45.85,True,face-recognition-5-deployment-59c5b6cb76-6mnb8
45.85,True,face-recognition-5-deployment-59c5b6cb76-6mnb8
45.85,True,face-recognition-5-deployment-59c5b6cb76-6mnb8
45.85,True,face-recognition-5-deployment-59c5b6cb76-6mnb8
45.85,True,face-recognition-5-deployment-59c5b6cb76-6mnb8
45.85,True,face-recognition-5-deployment-59c5b6cb76-6mnb8
45.85,True,face-recognition-5-deployment-59c5b6cb76-6mnb8
45.85,True,face-recognition-5-deployment-59c5b6cb76-6mnb8
45.85,True,face-recognition-5-deployment-59c5b6cb76-6mnb8
45.85,True,face-recognition-5-deployment-59c5b6cb76-6mnb8
45.85,True,face-recognition-5-deployment-59c5b6cb76-6mnb8
45.85,True,face-recognition-5-deployment-59c5b6cb76-6mnb8
45.85,True,face-recognition-5-deployment-59c5b6cb76-6mnb8
45.85,True,face-recognition-5-deployment-59c5b6cb76-6mnb8
45.85,True,face-recognition-5-deployment-59c5b6cb76-6mnb8
45.85,True,face-recognition-5-deployment-59c5b6cb76-6mnb8
45.85,True,face-recognition-5-deployment-59c5b6cb76-6mnb8
45.85,True,face-recognition-5-deployment-59c5b6cb76-6mnb8
45.85,True,face-recognition-5-deployment-59c5b6cb76-6mnb8
45.85,True,face-recognition-5-deployment-59c5b6cb76-6mnb8
45.85,True,face-recognition-5-deployment-59c5b6cb76-6mnb8
45.85,True,face-recognition-5-deployment-59c5b6cb76-6mnb8
45.85,True,face-recognition-5-deployment-59c5b6cb76-6mnb8
27.91,True,face-recognition-5-deployment-59c5b6cb76-6mnb8
27.91,True,face-recognition-5-deployment-59c5b6cb76-6mnb8
27.91,True,face-recognition-5-deployment-59c5b6cb76-6mnb8
27.91,True,face-recognition-5-deployment-59c5b6cb76-6mnb8
27.91,True,face-recognition-5-deployment-59c5b6cb76-6mnb8
27.91,True,face-recognition-5-deployment-59c5b6cb76-6mnb8
27.91,True,face-recognition-5-deployment-59c5b6cb76-6mnb8
27.91,True,face-recognition-5-deployment-59c5b6cb76-6mnb8
27.91,True,face-recognition-5-deployment-59c5b6cb76-6mnb8
27.91,True,face-recognition-5-deployment-59c5b6cb76-6mnb8
27.91,True,face-recognition-5-deployment-59c5b6cb76-6mnb8
27.91,True,face-recognition-5-deployment-59c5b6cb76-6mnb8
27.91,True,face-recognition-5-deployment-59c5b6cb76-6mnb8
27.91,True,face-recognition-5-deployment-59c5b6cb76-6mnb8
27.91,True,face-recognition-5-deployment-59c5b6cb76-6mnb8
27.91,True,face-recognition-5-deployment-59c5b6cb76-6mnb8
27.91,True,face-recognition-5-deployment-59c5b6cb76-6mnb8
27.91,True,face-recognition-5-deployment-59c5b6cb76-6mnb8
27.91,True,face-recognition-5-deployment-59c5b6cb76-6mnb8
27.91,True,face-recognition-5-deployment-59c5b6cb76-6mnb8
27.91,True,face-recognition-5-deployment-59c5b6cb76-6mnb8
27.91,True,face-recognition-5-deployment-59c5b6cb76-6mnb8
27.91,True,face-recognition-5-deployment-59c5b6cb76-6mnb8
27.91,True,face-recognition-5-deployment-59c5b6cb76-6mnb8
27.91,True,face-recognition-5-deployment-59c5b6cb76-6mnb8
27.91,True,face-recognition-5-deployment-59c5b6cb76-6mnb8
27.91,True,face-recognition-5-deployment-59c5b6cb76-6mnb8
27.91,True,face-recognition-5-deployment-59c5b6cb76-6mnb8
27.91,True,face-recognition-5-deployment-59c5b6cb76-6mnb8
27.91,True,face-recognition-5-deployment-59c5b6cb76-6mnb8
27.91,True,face-recognition-5-deployment-59c5b6cb76-6mnb8
27.91,True,face-recognition-5-deployment-59c5b6cb76-6mnb8
27.91,True,face-recognition-5-deployment-59c5b6cb76-6mnb8
27.91,True,face-recognition-5-deployment-59c5b6cb76-6mnb8
27.91,True,face-recognition-5-deployment-59c5b6cb76-6mnb8
27.91,True,face-recognition-5-deployment-59c5b6cb76-6mnb8
27.91,True,face-recognition-5-deployment-59c5b6cb76-6mnb8
27.91,True,face-recognition-5-deployment-59c5b6cb76-6mnb8
27.91,True,face-recognition-5-deployment-59c5b6cb76-6mnb8
27.91,True,face-recognition-5-deployment-59c5b6cb76-6mnb8
27.91,True,face-recognition-5-deployment-59c5b6cb76-6mnb8
27.91,True,face-recognition-5-deployment-59c5b6cb76-6mnb8
27.91,True,face-recognition-5-deployment-59c5b6cb76-6mnb8
27.91,True,face-recognition-5-deployment-59c5b6cb76-6mnb8
27.91,True,face-recognition-5-deployment-59c5b6cb76-6mnb8
27.91,True,face-recognition-5-deployment-59c5b6cb76-6mnb8
27.91,True,face-recognition-5-deployment-59c5b6cb76-6mnb8
27.91,True,face-recognition-5-deployment-59c5b6cb76-6mnb8
27.91,True,face-recognition-5-deployment-59c5b6cb76-6mnb8
27.91,True,face-recognition-5-deployment-59c5b6cb76-6mnb8
27.91,True,face-recognition-5-deployment-59c5b6cb76-6mnb8
27.91,True,face-recognition-5-deployment-59c5b6cb76-6mnb8
27.91,True,face-recognition-5-deployment-59c5b6cb76-6mnb8
27.91,True,face-recognition-5-deployment-59c5b6cb76-6mnb8
27.91,True,face-recognition-5-deployment-59c5b6cb76-6mnb8
27.91,True,face-recognition-5-deployment-59c5b6cb76-6mnb8
27.91,True,face-recognition-5-deployment-59c5b6cb76-6mnb8
27.91,True,face-recognition-5-deployment-59c5b6cb76-6mnb8
54.79,True,face-recognition-5-deployment-59c5b6cb76-6mnb8
54.79,True,face-recognition-5-deployment-59c5b6cb76-6mnb8
54.79,True,face-recognition-5-deployment-59c5b6cb76-6mnb8
54.79,True,face-recognition-5-deployment-59c5b6cb76-6mnb8
54.79,True,face-recognition-5-deployment-59c5b6cb76-6mnb8
54.79,True,face-recognition-5-deployment-59c5b6cb76-6mnb8
54.79,True,face-recognition-5-deployment-59c5b6cb76-6mnb8
54.79,True,face-recognition-5-deployment-59c5b6cb76-6mnb8
54.79,True,face-recognition-5-deployment-59c5b6cb76-6mnb8
54.79,True,face-recognition-5-deployment-59c5b6cb76-6mnb8
54.79,True,face-recognition-5-deployment-59c5b6cb76-6mnb8
54.79,True,face-recognition-5-deployment-59c5b6cb76-6mnb8
54.79,True,face-recognition-5-deployment-59c5b6cb76-6mnb8
54.79,True,face-recognition-5-deployment-59c5b6cb76-6mnb8
54.79,True,face-recognition-5-deployment-59c5b6cb76-6mnb8
54.79,True,face-recognition-5-deployment-59c5b6cb76-6mnb8
54.79,True,face-recognition-5-deployment-59c5b6cb76-6mnb8
54.79,True,face-recognition-5-deployment-59c5b6cb76-6mnb8
54.79,True,face-recognition-5-deployment-59c5b6cb76-6mnb8
54.79,True,face-recognition-5-deployment-59c5b6cb76-6mnb8
54.79,True,face-recognition-5-deployment-59c5b6cb76-6mnb8
54.79,True,face-recognition-5-deployment-59c5b6cb76-6mnb8
54.79,True,face-recognition-5-deployment-59c5b6cb76-6mnb8
54.79,True,face-recognition-5-deployment-59c5b6cb76-6mnb8
54.79,True,face-recognition-5-deployment-59c5b6cb76-6mnb8
54.79,True,face-recognition-5-deployment-59c5b6cb76-6mnb8
54.79,True,face-recognition-5-deployment-59c5b6cb76-6mnb8
54.79,True,face-recognition-5-deployment-59c5b6cb76-6mnb8
54.79,True,face-recognition-5-deployment-59c5b6cb76-6mnb8
54.79,True,face-recognition-5-deployment-59c5b6cb76-6mnb8
54.79,True,face-recognition-5-deployment-59c5b6cb76-6mnb8
54.79,True,face-recognition-5-deployment-59c5b6cb76-6mnb8
54.79,True,face-recognition-5-deployment-59c5b6cb76-6mnb8
54.79,True,face-recognition-5-deployment-59c5b6cb76-6mnb8
54.79,True,face-recognition-5-deployment-59c5b6cb76-6mnb8
54.79,True,face-recognition-5-deployment-59c5b6cb76-6mnb8
54.79,True,face-recognition-5-deployment-59c5b6cb76-6mnb8
54.79,True,face-recognition-5-deployment-59c5b6cb76-6mnb8
54.79,True,face-recognition-5-deployment-59c5b6cb76-6mnb8
54.79,True,face-recognition-5-deployment-59c5b6cb76-6mnb8
54.79,True,face-recognition-5-deployment-59c5b6cb76-6mnb8
54.79,True,face-recognition-5-deployment-59c5b6cb76-6mnb8
54.79,True,face-recognition-5-deployment-59c5b6cb76-6mnb8
54.79,True,face-recognition-5-deployment-59c5b6cb76-6mnb8
54.79,True,face-recognition-5-deployment-59c5b6cb76-6mnb8
54.79,True,face-recognition-5-deployment-59c5b6cb76-6mnb8
54.79,True,face-recognition-5-deployment-59c5b6cb76-6mnb8
54.79,True,face-recognition-5-deployment-59c5b6cb76-6mnb8
54.79,True,face-recognition-5-deployment-59c5b6cb76-6mnb8
54.79,True,face-recognition-5-deployment-59c5b6cb76-6mnb8
54.79,True,face-recognition-5-deployment-59c5b6cb76-6mnb8
54.79,True,face-recognition-5-deployment-59c5b6cb76-6mnb8
50.44,True,face-recognition-5-deployment-59c5b6cb76-6mnb8
50.44,True,face-recognition-5-deployment-59c5b6cb76-6mnb8
50.44,True,face-recognition-5-deployment-59c5b6cb76-6mnb8
50.44,True,face-recognition-5-deployment-59c5b6cb76-6mnb8
50.44,True,face-recognition-5-deployment-59c5b6cb76-6mnb8
50.44,True,face-recognition-5-deployment-59c5b6cb76-6mnb8
50.44,True,face-recognition-5-deployment-59c5b6cb76-6mnb8
50.44,True,face-recognition-5-deployment-59c5b6cb76-6mnb8
50.44,True,face-recognition-5-deployment-59c5b6cb76-6mnb8
50.44,True,face-recognition-5-deployment-59c5b6cb76-6mnb8
50.44,True,face-recognition-5-deployment-59c5b6cb76-6mnb8
50.44,True,face-recognition-5-deployment-59c5b6cb76-6mnb8
50.44,True,face-recognition-5-deployment-59c5b6cb76-6mnb8
50.44,True,face-recognition-5-deployment-59c5b6cb76-6mnb8
50.44,True,face-recognition-5-deployment-59c5b6cb76-6mnb8
50.44,True,face-recognition-5-deployment-59c5b6cb76-6mnb8
50.44,True,face-recognition-5-deployment-59c5b6cb76-6mnb8
50.44,True,face-recognition-5-deployment-59c5b6cb76-6mnb8
50.44,True,face-recognition-5-deployment-59c5b6cb76-6mnb8
50.44,True,face-recognition-5-deployment-59c5b6cb76-6mnb8
50.44,True,face-recognition-5-deployment-59c5b6cb76-6mnb8
50.44,True,face-recognition-5-deployment-59c5b6cb76-6mnb8
50.44,True,face-recognition-5-deployment-59c5b6cb76-6mnb8
50.44,True,face-recognition-5-deployment-59c5b6cb76-6mnb8
50.44,True,face-recognition-5-deployment-59c5b6cb76-6mnb8
50.44,True,face-recognition-5-deployment-59c5b6cb76-6mnb8
50.44,True,face-recognition-5-deployment-59c5b6cb76-6mnb8
50.44,True,face-recognition-5-deployment-59c5b6cb76-6mnb8
50.44,True,face-recognition-5-deployment-59c5b6cb76-6mnb8
50.44,True,face-recognition-5-deployment-59c5b6cb76-6mnb8
29.53,True,face-recognition-5-deployment-59c5b6cb76-6mnb8
29.53,True,face-recognition-5-deployment-59c5b6cb76-6mnb8
29.53,True,face-recognition-5-deployment-59c5b6cb76-6mnb8
29.53,True,face-recognition-5-deployment-59c5b6cb76-6mnb8
29.53,True,face-recognition-5-deployment-59c5b6cb76-6mnb8
29.53,True,face-recognition-5-deployment-59c5b6cb76-6mnb8
29.53,True,face-recognition-5-deployment-59c5b6cb76-6mnb8
29.53,True,face-recognition-5-deployment-59c5b6cb76-6mnb8
29.53,True,face-recognition-5-deployment-59c5b6cb76-6mnb8
29.53,True,face-recognition-5-deployment-59c5b6cb76-6mnb8
29.53,True,face-recognition-5-deployment-59c5b6cb76-6mnb8
29.53,True,face-recognition-5-deployment-59c5b6cb76-6mnb8
29.53,True,face-recognition-5-deployment-59c5b6cb76-6mnb8
29.53,True,face-recognition-5-deployment-59c5b6cb76-6mnb8
29.53,True,face-recognition-5-deployment-59c5b6cb76-6mnb8
29.53,True,face-recognition-5-deployment-59c5b6cb76-6mnb8
29.53,True,face-recognition-5-deployment-59c5b6cb76-6mnb8
29.53,True,face-recognition-5-deployment-59c5b6cb76-6mnb8
29.53,True,face-recognition-5-deployment-59c5b6cb76-6mnb8
29.53,True,face-recognition-5-deployment-59c5b6cb76-6mnb8
29.53,True,face-recognition-5-deployment-59c5b6cb76-6mnb8
29.53,True,face-recognition-5-deployment-59c5b6cb76-6mnb8
29.53,True,face-recognition-5-deployment-59c5b6cb76-6mnb8
29.53,True,face-recognition-5-deployment-59c5b6cb76-6mnb8
23.22,True,face-recognition-5-deployment-59c5b6cb76-6mnb8
23.22,True,face-recognition-5-deployment-59c5b6cb76-6mnb8
23.22,True,face-recognition-5-deployment-59c5b6cb76-6mnb8
23.22,True,face-recognition-5-deployment-59c5b6cb76-6mnb8
23.22,True,face-recognition-5-deployment-59c5b6cb76-6mnb8
23.22,True,face-recognition-5-deployment-59c5b6cb76-6mnb8
23.22,True,face-recognition-5-deployment-59c5b6cb76-6mnb8
23.22,True,face-recognition-5-deployment-59c5b6cb76-6mnb8
23.22,True,face-recognition-5-deployment-59c5b6cb76-6mnb8
23.22,True,face-recognition-5-deployment-59c5b6cb76-6mnb8
23.22,True,face-recognition-5-deployment-59c5b6cb76-6mnb8
23.22,True,face-recognition-5-deployment-59c5b6cb76-6mnb8
23.22,True,face-recognition-5-deployment-59c5b6cb76-6mnb8
23.22,True,face-recognition-5-deployment-59c5b6cb76-6mnb8
23.22,True,face-recognition-5-deployment-59c5b6cb76-6mnb8
23.22,True,face-recognition-5-deployment-59c5b6cb76-6mnb8
23.22,True,face-recognition-5-deployment-59c5b6cb76-6mnb8
23.22,True,face-recognition-5-deployment-59c5b6cb76-6mnb8
23.22,True,face-recognition-5-deployment-59c5b6cb76-6mnb8
23.22,True,face-recognition-5-deployment-59c5b6cb76-6mnb8
23.22,True,face-recognition-5-deployment-59c5b6cb76-6mnb8
23.22,True,face-recognition-5-deployment-59c5b6cb76-6mnb8
23.22,True,face-recognition-5-deployment-59c5b6cb76-6mnb8
23.22,True,face-recognition-5-deployment-59c5b6cb76-6mnb8
23.22,True,face-recognition-5-deployment-59c5b6cb76-6mnb8
23.22,True,face-recognition-5-deployment-59c5b6cb76-6mnb8
23.22,True,face-recognition-5-deployment-59c5b6cb76-6mnb8
23.22,True,face-recognition-5-deployment-59c5b6cb76-6mnb8
23.22,True,face-recognition-5-deployment-59c5b6cb76-6mnb8
23.22,True,face-recognition-5-deployment-59c5b6cb76-6mnb8
23.22,True,face-recognition-5-deployment-59c5b6cb76-6mnb8
23.22,True,face-recognition-5-deployment-59c5b6cb76-6mnb8
23.22,True,face-recognition-5-deployment-59c5b6cb76-6mnb8
23.22,True,face-recognition-5-deployment-59c5b6cb76-6mnb8
23.22,True,face-recognition-5-deployment-59c5b6cb76-6mnb8
23.22,True,face-recognition-5-deployment-59c5b6cb76-6mnb8
23.22,True,face-recognition-5-deployment-59c5b6cb76-6mnb8
23.22,True,face-recognition-5-deployment-59c5b6cb76-6mnb8
23.22,True,face-recognition-5-deployment-59c5b6cb76-6mnb8
23.22,True,face-recognition-5-deployment-59c5b6cb76-6mnb8
23.22,True,face-recognition-5-deployment-59c5b6cb76-6mnb8
23.22,True,face-recognition-5-deployment-59c5b6cb76-6mnb8
23.22,True,face-recognition-5-deployment-59c5b6cb76-6mnb8
23.22,True,face-recognition-5-deployment-59c5b6cb76-6mnb8
23.22,True,face-recognition-5-deployment-59c5b6cb76-6mnb8
23.22,True,face-recognition-5-deployment-59c5b6cb76-6mnb8
23.22,True,face-recognition-5-deployment-59c5b6cb76-6mnb8
23.22,True,face-recognition-5-deployment-59c5b6cb76-6mnb8
23.22,True,face-recognition-5-deployment-59c5b6cb76-6mnb8
23.22,True,face-recognition-5-deployment-59c5b6cb76-6mnb8
23.22,True,face-recognition-5-deployment-59c5b6cb76-6mnb8
23.22,True,face-recognition-5-deployment-59c5b6cb76-6mnb8
23.22,True,face-recognition-5-deployment-59c5b6cb76-6mnb8
23.22,True,face-recognition-5-deployment-59c5b6cb76-6mnb8
23.22,True,face-recognition-5-deployment-59c5b6cb76-6mnb8
23.22,True,face-recognition-5-deployment-59c5b6cb76-6mnb8
23.22,True,face-recognition-5-deployment-59c5b6cb76-6mnb8
23.22,True,face-recognition-5-deployment-59c5b6cb76-6mnb8
23.22,True,face-recognition-5-deployment-59c5b6cb76-6mnb8
23.22,True,face-recognition-5-deployment-59c5b6cb76-6mnb8
23.22,True,face-recognition-5-deployment-59c5b6cb76-6mnb8
23.22,True,face-recognition-5-deployment-59c5b6cb76-6mnb8
23.22,True,face-recognition-5-deployment-59c5b6cb76-6mnb8
23.22,True,face-recognition-5-deployment-59c5b6cb76-6mnb8
23.22,True,face-recognition-5-deployment-59c5b6cb76-6mnb8
23.22,True,face-recognition-5-deployment-59c5b6cb76-6mnb8
23.22,True,face-recognition-5-deployment-59c5b6cb76-6mnb8
23.22,True,face-recognition-5-deployment-59c5b6cb76-6mnb8
23.22,True,face-recognition-5-deployment-59c5b6cb76-6mnb8
23.22,True,face-recognition-5-deployment-59c5b6cb76-6mnb8
23.22,True,face-recognition-5-deployment-59c5b6cb76-6mnb8
23.22,True,face-recognition-5-deployment-59c5b6cb76-6mnb8
23.22,True,face-recognition-5-deployment-59c5b6cb76-6mnb8
23.22,True,face-recognition-5-deployment-59c5b6cb76-6mnb8
23.22,True,face-recognition-5-deployment-59c5b6cb76-6mnb8
23.22,True,face-recognition-5-deployment-59c5b6cb76-6mnb8
23.22,True,face-recognition-5-deployment-59c5b6cb76-6mnb8
23.22,True,face-recognition-5-deployment-59c5b6cb76-6mnb8
23.22,True,face-recognition-5-deployment-59c5b6cb76-6mnb8
23.22,True,face-recognition-5-deployment-59c5b6cb76-6mnb8
23.22,True,face-recognition-5-deployment-59c5b6cb76-6mnb8
23.22,True,face-recognition-5-deployment-59c5b6cb76-6mnb8
23.22,True,face-recognition-5-deployment-59c5b6cb76-6mnb8
23.22,True,face-recognition-5-deployment-59c5b6cb76-6mnb8
23.22,True,face-recognition-5-deployment-59c5b6cb76-6mnb8
23.22,True,face-recognition-5-deployment-59c5b6cb76-6mnb8
81.82,True,face-recognition-5-deployment-59c5b6cb76-6mnb8
81.82,True,face-recognition-5-deployment-59c5b6cb76-6mnb8
81.82,True,face-recognition-5-deployment-59c5b6cb76-6mnb8
81.82,True,face-recognition-5-deployment-59c5b6cb76-6mnb8
81.82,True,face-recognition-5-deployment-59c5b6cb76-6mnb8
81.82,True,face-recognition-5-deployment-59c5b6cb76-6mnb8
81.82,True,face-recognition-5-deployment-59c5b6cb76-6mnb8
81.82,True,face-recognition-5-deployment-59c5b6cb76-6mnb8
81.82,True,face-recognition-5-deployment-59c5b6cb76-6mnb8
81.82,True,face-recognition-5-deployment-59c5b6cb76-6mnb8
81.82,True,face-recognition-5-deployment-59c5b6cb76-6mnb8
81.82,True,face-recognition-5-deployment-59c5b6cb76-6mnb8
81.82,True,face-recognition-5-deployment-59c5b6cb76-6mnb8
81.82,True,face-recognition-5-deployment-59c5b6cb76-6mnb8
81.82,True,face-recognition-5-deployment-59c5b6cb76-6mnb8
81.82,True,face-recognition-5-deployment-59c5b6cb76-6mnb8
81.82,True,face-recognition-5-deployment-59c5b6cb76-6mnb8
81.82,True,face-recognition-5-deployment-59c5b6cb76-6mnb8
81.82,True,face-recognition-5-deployment-59c5b6cb76-6mnb8
81.82,True,face-recognition-5-deployment-59c5b6cb76-6mnb8
81.82,True,face-recognition-5-deployment-59c5b6cb76-6mnb8
81.82,True,face-recognition-5-deployment-59c5b6cb76-6mnb8
81.82,True,face-recognition-5-deployment-59c5b6cb76-6mnb8
81.82,True,face-recognition-5-deployment-59c5b6cb76-6mnb8
23.5,True,face-recognition-5-deployment-59c5b6cb76-6mnb8
23.5,True,face-recognition-5-deployment-59c5b6cb76-6mnb8
23.5,True,face-recognition-5-deployment-59c5b6cb76-6mnb8
23.5,True,face-recognition-5-deployment-59c5b6cb76-6mnb8
23.5,True,face-recognition-5-deployment-59c5b6cb76-6mnb8
23.5,True,face-recognition-5-deployment-59c5b6cb76-6mnb8
23.5,True,face-recognition-5-deployment-59c5b6cb76-6mnb8
23.5,True,face-recognition-5-deployment-59c5b6cb76-6mnb8
23.5,True,face-recognition-5-deployment-59c5b6cb76-6mnb8
23.5,True,face-recognition-5-deployment-59c5b6cb76-6mnb8
23.5,False,face-recognition-5-deployment-59c5b6cb76-6mnb8
23.5,False,face-recognition-5-deployment-59c5b6cb76-6mnb8
23.5,True,face-recognition-5-deployment-59c5b6cb76-6mnb8
23.5,True,face-recognition-5-deployment-59c5b6cb76-6mnb8
23.5,True,face-recognition-5-deployment-59c5b6cb76-6mnb8
23.5,True,face-recognition-5-deployment-59c5b6cb76-6mnb8
23.5,True,face-recognition-5-deployment-59c5b6cb76-6mnb8
23.5,True,face-recognition-5-deployment-59c5b6cb76-6mnb8
23.5,True,face-recognition-5-deployment-59c5b6cb76-6mnb8
23.5,True,face-recognition-5-deployment-59c5b6cb76-6mnb8
23.5,False,face-recognition-5-deployment-59c5b6cb76-6mnb8
23.5,False,face-recognition-5-deployment-59c5b6cb76-6mnb8
23.5,False,face-recognition-5-deployment-59c5b6cb76-6mnb8
23.5,False,face-recognition-5-deployment-59c5b6cb76-6mnb8
23.4,True,face-recognition-5-deployment-59c5b6cb76-6mnb8
23.4,True,face-recognition-5-deployment-59c5b6cb76-6mnb8
23.4,False,face-recognition-5-deployment-59c5b6cb76-6mnb8
23.4,False,face-recognition-5-deployment-59c5b6cb76-6mnb8
23.4,True,face-recognition-5-deployment-59c5b6cb76-6mnb8
23.4,True,face-recognition-5-deployment-59c5b6cb76-6mnb8
23.4,True,face-recognition-5-deployment-59c5b6cb76-6mnb8
23.4,True,face-recognition-5-deployment-59c5b6cb76-6mnb8
23.4,True,face-recognition-5-deployment-59c5b6cb76-6mnb8
23.4,True,face-recognition-5-deployment-59c5b6cb76-6mnb8
23.4,True,face-recognition-5-deployment-59c5b6cb76-6mnb8
23.4,True,face-recognition-5-deployment-59c5b6cb76-6mnb8
23.4,True,face-recognition-5-deployment-59c5b6cb76-6mnb8
23.4,True,face-recognition-5-deployment-59c5b6cb76-6mnb8
23.4,True,face-recognition-5-deployment-59c5b6cb76-6mnb8
23.4,True,face-recognition-5-deployment-59c5b6cb76-6mnb8
23.4,True,face-recognition-5-deployment-59c5b6cb76-6mnb8
23.4,True,face-recognition-5-deployment-59c5b6cb76-6mnb8
23.4,True,face-recognition-5-deployment-59c5b6cb76-6mnb8
23.4,True,face-recognition-5-deployment-59c5b6cb76-6mnb8
23.4,True,face-recognition-5-deployment-59c5b6cb76-6mnb8
23.4,True,face-recognition-5-deployment-59c5b6cb76-6mnb8
23.4,True,face-recognition-5-deployment-59c5b6cb76-6mnb8
23.4,True,face-recognition-5-deployment-59c5b6cb76-6mnb8
23.4,True,face-recognition-5-deployment-59c5b6cb76-6mnb8
23.4,True,face-recognition-5-deployment-59c5b6cb76-6mnb8
23.4,True,face-recognition-5-deployment-59c5b6cb76-6mnb8
23.4,True,face-recognition-5-deployment-59c5b6cb76-6mnb8
23.4,True,face-recognition-5-deployment-59c5b6cb76-6mnb8
23.4,True,face-recognition-5-deployment-59c5b6cb76-6mnb8
23.4,True,face-recognition-5-deployment-59c5b6cb76-6mnb8
23.4,True,face-recognition-5-deployment-59c5b6cb76-6mnb8
23.4,True,face-recognition-5-deployment-59c5b6cb76-6mnb8
23.4,True,face-recognition-5-deployment-59c5b6cb76-6mnb8
23.4,True,face-recognition-5-deployment-59c5b6cb76-6mnb8
23.4,True,face-recognition-5-deployment-59c5b6cb76-6mnb8
23.4,True,face-recognition-5-deployment-59c5b6cb76-6mnb8
23.4,True,face-recognition-5-deployment-59c5b6cb76-6mnb8
23.4,True,face-recognition-5-deployment-59c5b6cb76-6mnb8
23.4,True,face-recognition-5-deployment-59c5b6cb76-6mnb8
23.4,True,face-recognition-5-deployment-59c5b6cb76-6mnb8
23.4,True,face-recognition-5-deployment-59c5b6cb76-6mnb8
23.4,True,face-recognition-5-deployment-59c5b6cb76-6mnb8
23.4,True,face-recognition-5-deployment-59c5b6cb76-6mnb8
23.4,False,face-recognition-5-deployment-59c5b6cb76-6mnb8
23.4,False,face-recognition-5-deployment-59c5b6cb76-6mnb8
23.4,False,face-recognition-5-deployment-59c5b6cb76-6mnb8
23.4,False,face-recognition-5-deployment-59c5b6cb76-6mnb8
23.4,False,face-recognition-5-deployment-59c5b6cb76-6mnb8
23.4,False,face-recognition-5-deployment-59c5b6cb76-6mnb8
23.4,False,face-recognition-5-deployment-59c5b6cb76-6mnb8
23.4,False,face-recognition-5-deployment-59c5b6cb76-6mnb8
23.4,False,face-recognition-5-deployment-59c5b6cb76-6mnb8
23.4,False,face-recognition-5-deployment-59c5b6cb76-6mnb8
23.4,False,face-recognition-5-deployment-59c5b6cb76-6mnb8
23.4,False,face-recognition-5-deployment-59c5b6cb76-6mnb8
23.4,False,face-recognition-5-deployment-59c5b6cb76-6mnb8
23.4,False,face-recognition-5-deployment-59c5b6cb76-6mnb8
23.4,True,face-recognition-5-deployment-59c5b6cb76-6mnb8
23.4,True,face-recognition-5-deployment-59c5b6cb76-6mnb8
23.4,True,face-recognition-5-deployment-59c5b6cb76-6mnb8
23.4,True,face-recognition-5-deployment-59c5b6cb76-6mnb8
23.4,True,face-recognition-5-deployment-59c5b6cb76-6mnb8
23.4,True,face-recognition-5-deployment-59c5b6cb76-6mnb8
57.39,True,face-recognition-5-deployment-59c5b6cb76-6mnb8
57.39,True,face-recognition-5-deployment-59c5b6cb76-6mnb8
57.39,True,face-recognition-5-deployment-59c5b6cb76-6mnb8
57.39,True,face-recognition-5-deployment-59c5b6cb76-6mnb8
57.39,True,face-recognition-5-deployment-59c5b6cb76-6mnb8
57.39,True,face-recognition-5-deployment-59c5b6cb76-6mnb8
57.39,True,face-recognition-5-deployment-59c5b6cb76-6mnb8
57.39,True,face-recognition-5-deployment-59c5b6cb76-6mnb8
57.39,True,face-recognition-5-deployment-59c5b6cb76-6mnb8
57.39,True,face-recognition-5-deployment-59c5b6cb76-6mnb8
57.39,True,face-recognition-5-deployment-59c5b6cb76-6mnb8
57.39,True,face-recognition-5-deployment-59c5b6cb76-6mnb8
57.39,True,face-recognition-5-deployment-59c5b6cb76-6mnb8
57.39,True,face-recognition-5-deployment-59c5b6cb76-6mnb8
57.39,True,face-recognition-5-deployment-59c5b6cb76-6mnb8
57.39,True,face-recognition-5-deployment-59c5b6cb76-6mnb8
57.39,True,face-recognition-5-deployment-59c5b6cb76-6mnb8
57.39,True,face-recognition-5-deployment-59c5b6cb76-6mnb8
57.39,True,face-recognition-5-deployment-59c5b6cb76-6mnb8
57.39,True,face-recognition-5-deployment-59c5b6cb76-6mnb8
57.39,True,face-recognition-5-deployment-59c5b6cb76-6mnb8
57.39,True,face-recognition-5-deployment-59c5b6cb76-6mnb8
57.39,True,face-recognition-5-deployment-59c5b6cb76-6mnb8
57.39,True,face-recognition-5-deployment-59c5b6cb76-6mnb8
23.45,True,face-recognition-5-deployment-59c5b6cb76-6mnb8
23.45,True,face-recognition-5-deployment-59c5b6cb76-6mnb8
23.45,True,face-recognition-5-deployment-59c5b6cb76-6mnb8
23.45,True,face-recognition-5-deployment-59c5b6cb76-6mnb8
23.45,True,face-recognition-5-deployment-59c5b6cb76-6mnb8
23.45,True,face-recognition-5-deployment-59c5b6cb76-6mnb8
23.45,True,face-recognition-5-deployment-59c5b6cb76-6mnb8
23.45,True,face-recognition-5-deployment-59c5b6cb76-6mnb8
23.45,True,face-recognition-5-deployment-59c5b6cb76-6mnb8
23.45,True,face-recognition-5-deployment-59c5b6cb76-6mnb8
23.45,True,face-recognition-5-deployment-59c5b6cb76-6mnb8
23.45,True,face-recognition-5-deployment-59c5b6cb76-6mnb8
23.45,True,face-recognition-5-deployment-59c5b6cb76-6mnb8
23.45,True,face-recognition-5-deployment-59c5b6cb76-6mnb8
23.45,True,face-recognition-5-deployment-59c5b6cb76-6mnb8
23.45,True,face-recognition-5-deployment-59c5b6cb76-6mnb8
23.45,True,face-recognition-5-deployment-59c5b6cb76-6mnb8
23.45,True,face-recognition-5-deployment-59c5b6cb76-6mnb8
23.45,True,face-recognition-5-deployment-59c5b6cb76-6mnb8
23.45,True,face-recognition-5-deployment-59c5b6cb76-6mnb8
23.45,True,face-recognition-5-deployment-59c5b6cb76-6mnb8
23.45,True,face-recognition-5-deployment-59c5b6cb76-6mnb8
23.45,True,face-recognition-5-deployment-59c5b6cb76-6mnb8
23.45,True,face-recognition-5-deployment-59c5b6cb76-6mnb8
23.45,True,face-recognition-5-deployment-59c5b6cb76-6mnb8
23.45,True,face-recognition-5-deployment-59c5b6cb76-6mnb8
23.45,True,face-recognition-5-deployment-59c5b6cb76-6mnb8
23.45,True,face-recognition-5-deployment-59c5b6cb76-6mnb8
23.45,True,face-recognition-5-deployment-59c5b6cb76-6mnb8
23.45,True,face-recognition-5-deployment-59c5b6cb76-6mnb8
28.18,True,face-recognition-5-deployment-59c5b6cb76-6mnb8
28.18,True,face-recognition-5-deployment-59c5b6cb76-6mnb8
28.18,True,face-recognition-5-deployment-59c5b6cb76-6mnb8
28.18,True,face-recognition-5-deployment-59c5b6cb76-6mnb8
28.18,True,face-recognition-5-deployment-59c5b6cb76-6mnb8
28.18,True,face-recognition-5-deployment-59c5b6cb76-6mnb8
28.18,True,face-recognition-5-deployment-59c5b6cb76-6mnb8
28.18,True,face-recognition-5-deployment-59c5b6cb76-6mnb8
28.18,True,face-recognition-5-deployment-59c5b6cb76-6mnb8
28.18,True,face-recognition-5-deployment-59c5b6cb76-6mnb8
28.18,True,face-recognition-5-deployment-59c5b6cb76-6mnb8
28.18,True,face-recognition-5-deployment-59c5b6cb76-6mnb8
28.18,True,face-recognition-5-deployment-59c5b6cb76-6mnb8
28.18,True,face-recognition-5-deployment-59c5b6cb76-6mnb8
28.18,True,face-recognition-5-deployment-59c5b6cb76-6mnb8
28.18,True,face-recognition-5-deployment-59c5b6cb76-6mnb8
28.18,True,face-recognition-5-deployment-59c5b6cb76-6mnb8
28.18,True,face-recognition-5-deployment-59c5b6cb76-6mnb8
28.18,True,face-recognition-5-deployment-59c5b6cb76-6mnb8
28.18,True,face-recognition-5-deployment-59c5b6cb76-6mnb8
28.18,True,face-recognition-5-deployment-59c5b6cb76-6mnb8
28.18,True,face-recognition-5-deployment-59c5b6cb76-6mnb8
28.18,True,face-recognition-5-deployment-59c5b6cb76-6mnb8
28.18,True,face-recognition-5-deployment-59c5b6cb76-6mnb8
28.18,True,face-recognition-5-deployment-59c5b6cb76-6mnb8
28.18,True,face-recognition-5-deployment-59c5b6cb76-6mnb8
28.18,True,face-recognition-5-deployment-59c5b6cb76-6mnb8
28.18,True,face-recognition-5-deployment-59c5b6cb76-6mnb8
28.18,True,face-recognition-5-deployment-59c5b6cb76-6mnb8
28.18,True,face-recognition-5-deployment-59c5b6cb76-6mnb8
28.18,True,face-recognition-5-deployment-59c5b6cb76-6mnb8
28.18,True,face-recognition-5-deployment-59c5b6cb76-6mnb8
30.03,True,face-recognition-5-deployment-59c5b6cb76-6mnb8
30.03,True,face-recognition-5-deployment-59c5b6cb76-6mnb8
30.03,True,face-recognition-5-deployment-59c5b6cb76-6mnb8
30.03,True,face-recognition-5-deployment-59c5b6cb76-6mnb8
30.03,True,face-recognition-5-deployment-59c5b6cb76-6mnb8
30.03,True,face-recognition-5-deployment-59c5b6cb76-6mnb8
30.03,True,face-recognition-5-deployment-59c5b6cb76-6mnb8
30.03,True,face-recognition-5-deployment-59c5b6cb76-6mnb8
30.03,True,face-recognition-5-deployment-59c5b6cb76-6mnb8
30.03,True,face-recognition-5-deployment-59c5b6cb76-6mnb8
30.03,True,face-recognition-5-deployment-59c5b6cb76-6mnb8
30.03,True,face-recognition-5-deployment-59c5b6cb76-6mnb8
30.03,True,face-recognition-5-deployment-59c5b6cb76-6mnb8
30.03,True,face-recognition-5-deployment-59c5b6cb76-6mnb8
30.03,True,face-recognition-5-deployment-59c5b6cb76-6mnb8
30.03,True,face-recognition-5-deployment-59c5b6cb76-6mnb8
30.03,True,face-recognition-5-deployment-59c5b6cb76-6mnb8
30.03,True,face-recognition-5-deployment-59c5b6cb76-6mnb8
30.03,True,face-recognition-5-deployment-59c5b6cb76-6mnb8
30.03,True,face-recognition-5-deployment-59c5b6cb76-6mnb8
30.03,True,face-recognition-5-deployment-59c5b6cb76-6mnb8
30.03,True,face-recognition-5-deployment-59c5b6cb76-6mnb8
30.03,True,face-recognition-5-deployment-59c5b6cb76-6mnb8
30.03,True,face-recognition-5-deployment-59c5b6cb76-6mnb8
30.03,True,face-recognition-5-deployment-59c5b6cb76-6mnb8
30.03,True,face-recognition-5-deployment-59c5b6cb76-6mnb8
30.03,True,face-recognition-5-deployment-59c5b6cb76-6mnb8
30.03,True,face-recognition-5-deployment-59c5b6cb76-6mnb8
30.03,True,face-recognition-5-deployment-59c5b6cb76-6mnb8
30.03,True,face-recognition-5-deployment-59c5b6cb76-6mnb8
30.03,True,face-recognition-5-deployment-59c5b6cb76-6mnb8
30.03,True,face-recognition-5-deployment-59c5b6cb76-6mnb8
30.03,True,face-recognition-5-deployment-59c5b6cb76-6mnb8
30.03,True,face-recognition-5-deployment-59c5b6cb76-6mnb8
30.03,True,face-recognition-5-deployment-59c5b6cb76-6mnb8
30.03,True,face-recognition-5-deployment-59c5b6cb76-6mnb8
30.03,True,face-recognition-5-deployment-59c5b6cb76-6mnb8
30.03,True,face-recognition-5-deployment-59c5b6cb76-6mnb8
35.98,True,face-recognition-5-deployment-59c5b6cb76-6mnb8
35.98,True,face-recognition-5-deployment-59c5b6cb76-6mnb8
35.98,True,face-recognition-5-deployment-59c5b6cb76-6mnb8
35.98,True,face-recognition-5-deployment-59c5b6cb76-6mnb8
35.98,True,face-recognition-5-deployment-59c5b6cb76-6mnb8
35.98,True,face-recognition-5-deployment-59c5b6cb76-6mnb8
35.98,True,face-recognition-5-deployment-59c5b6cb76-6mnb8
35.98,True,face-recognition-5-deployment-59c5b6cb76-6mnb8
35.98,True,face-recognition-5-deployment-59c5b6cb76-6mnb8
35.98,True,face-recognition-5-deployment-59c5b6cb76-6mnb8
35.98,True,face-recognition-5-deployment-59c5b6cb76-6mnb8
35.98,True,face-recognition-5-deployment-59c5b6cb76-6mnb8
35.98,True,face-recognition-5-deployment-59c5b6cb76-6mnb8
35.98,True,face-recognition-5-deployment-59c5b6cb76-6mnb8
35.98,True,face-recognition-5-deployment-59c5b6cb76-6mnb8
35.98,True,face-recognition-5-deployment-59c5b6cb76-6mnb8
35.98,True,face-recognition-5-deployment-59c5b6cb76-6mnb8
35.98,True,face-recognition-5-deployment-59c5b6cb76-6mnb8
35.98,True,face-recognition-5-deployment-59c5b6cb76-6mnb8
35.98,True,face-recognition-5-deployment-59c5b6cb76-6mnb8
35.98,True,face-recognition-5-deployment-59c5b6cb76-6mnb8
35.98,True,face-recognition-5-deployment-59c5b6cb76-6mnb8
35.98,True,face-recognition-5-deployment-59c5b6cb76-6mnb8
35.98,True,face-recognition-5-deployment-59c5b6cb76-6mnb8
35.98,True,face-recognition-5-deployment-59c5b6cb76-6mnb8
35.98,True,face-recognition-5-deployment-59c5b6cb76-6mnb8
35.98,True,face-recognition-5-deployment-59c5b6cb76-6mnb8
35.98,True,face-recognition-5-deployment-59c5b6cb76-6mnb8
35.98,True,face-recognition-5-deployment-59c5b6cb76-6mnb8
35.98,True,face-recognition-5-deployment-59c5b6cb76-6mnb8
35.98,True,face-recognition-5-deployment-59c5b6cb76-6mnb8
35.98,True,face-recognition-5-deployment-59c5b6cb76-6mnb8
35.98,False,face-recognition-5-deployment-59c5b6cb76-6mnb8
35.98,False,face-recognition-5-deployment-59c5b6cb76-6mnb8
32.43,True,face-recognition-5-deployment-59c5b6cb76-6mnb8
32.43,True,face-recognition-5-deployment-59c5b6cb76-6mnb8
32.43,True,face-recognition-5-deployment-59c5b6cb76-6mnb8
32.43,True,face-recognition-5-deployment-59c5b6cb76-6mnb8
32.43,False,face-recognition-5-deployment-59c5b6cb76-6mnb8
32.43,False,face-recognition-5-deployment-59c5b6cb76-6mnb8
32.43,False,face-recognition-5-deployment-59c5b6cb76-6mnb8
32.43,False,face-recognition-5-deployment-59c5b6cb76-6mnb8
32.43,False,face-recognition-5-deployment-59c5b6cb76-6mnb8
32.43,False,face-recognition-5-deployment-59c5b6cb76-6mnb8
32.43,False,face-recognition-5-deployment-59c5b6cb76-6mnb8
32.43,False,face-recognition-5-deployment-59c5b6cb76-6mnb8
32.43,False,face-recognition-5-deployment-59c5b6cb76-6mnb8
32.43,False,face-recognition-5-deployment-59c5b6cb76-6mnb8
32.43,False,face-recognition-5-deployment-59c5b6cb76-6mnb8
32.43,False,face-recognition-5-deployment-59c5b6cb76-6mnb8
32.43,False,face-recognition-5-deployment-59c5b6cb76-6mnb8
32.43,False,face-recognition-5-deployment-59c5b6cb76-6mnb8
32.43,False,face-recognition-5-deployment-59c5b6cb76-6mnb8
32.43,False,face-recognition-5-deployment-59c5b6cb76-6mnb8
32.43,False,face-recognition-5-deployment-59c5b6cb76-6mnb8
32.43,False,face-recognition-5-deployment-59c5b6cb76-6mnb8
32.43,False,face-recognition-5-deployment-59c5b6cb76-6mnb8
32.43,False,face-recognition-5-deployment-59c5b6cb76-6mnb8
32.43,False,face-recognition-5-deployment-59c5b6cb76-6mnb8
32.43,False,face-recognition-5-deployment-59c5b6cb76-6mnb8
32.43,False,face-recognition-5-deployment-59c5b6cb76-6mnb8
32.43,False,face-recognition-5-deployment-59c5b6cb76-6mnb8
26.66,False,face-recognition-5-deployment-59c5b6cb76-6mnb8
26.66,False,face-recognition-5-deployment-59c5b6cb76-6mnb8
26.66,False,face-recognition-5-deployment-59c5b6cb76-6mnb8
26.66,False,face-recognition-5-deployment-59c5b6cb76-6mnb8
26.66,False,face-recognition-5-deployment-59c5b6cb76-6mnb8
26.66,False,face-recognition-5-deployment-59c5b6cb76-6mnb8
26.66,False,face-recognition-5-deployment-59c5b6cb76-6mnb8
26.66,False,face-recognition-5-deployment-59c5b6cb76-6mnb8
26.66,False,face-recognition-5-deployment-59c5b6cb76-6mnb8
26.66,False,face-recognition-5-deployment-59c5b6cb76-6mnb8
26.66,False,face-recognition-5-deployment-59c5b6cb76-6mnb8
26.66,False,face-recognition-5-deployment-59c5b6cb76-6mnb8
26.66,False,face-recognition-5-deployment-59c5b6cb76-6mnb8
26.66,False,face-recognition-5-deployment-59c5b6cb76-6mnb8
26.66,True,face-recognition-5-deployment-59c5b6cb76-6mnb8
26.66,True,face-recognition-5-deployment-59c5b6cb76-6mnb8
26.66,True,face-recognition-5-deployment-59c5b6cb76-6mnb8
26.66,True,face-recognition-5-deployment-59c5b6cb76-6mnb8
26.66,True,face-recognition-5-deployment-59c5b6cb76-6mnb8
26.66,True,face-recognition-5-deployment-59c5b6cb76-6mnb8
26.66,True,face-recognition-5-deployment-59c5b6cb76-6mnb8
26.66,True,face-recognition-5-deployment-59c5b6cb76-6mnb8
26.66,True,face-recognition-5-deployment-59c5b6cb76-6mnb8
26.66,True,face-recognition-5-deployment-59c5b6cb76-6mnb8
26.66,True,face-recognition-5-deployment-59c5b6cb76-6mnb8
26.66,True,face-recognition-5-deployment-59c5b6cb76-6mnb8
26.66,True,face-recognition-5-deployment-59c5b6cb76-6mnb8
26.66,True,face-recognition-5-deployment-59c5b6cb76-6mnb8
26.66,True,face-recognition-5-deployment-59c5b6cb76-6mnb8
26.66,True,face-recognition-5-deployment-59c5b6cb76-6mnb8
26.66,True,face-recognition-5-deployment-59c5b6cb76-6mnb8
26.66,True,face-recognition-5-deployment-59c5b6cb76-6mnb8
26.66,True,face-recognition-5-deployment-59c5b6cb76-6mnb8
26.66,True,face-recognition-5-deployment-59c5b6cb76-6mnb8
26.66,True,face-recognition-5-deployment-59c5b6cb76-6mnb8
26.66,True,face-recognition-5-deployment-59c5b6cb76-6mnb8
35.64,True,face-recognition-5-deployment-59c5b6cb76-6mnb8
35.64,True,face-recognition-5-deployment-59c5b6cb76-6mnb8
35.64,True,face-recognition-5-deployment-59c5b6cb76-6mnb8
35.64,True,face-recognition-5-deployment-59c5b6cb76-6mnb8
35.64,True,face-recognition-5-deployment-59c5b6cb76-6mnb8
35.64,True,face-recognition-5-deployment-59c5b6cb76-6mnb8
35.64,True,face-recognition-5-deployment-59c5b6cb76-6mnb8
35.64,True,face-recognition-5-deployment-59c5b6cb76-6mnb8
35.64,True,face-recognition-5-deployment-59c5b6cb76-6mnb8
35.64,True,face-recognition-5-deployment-59c5b6cb76-6mnb8
35.64,True,face-recognition-5-deployment-59c5b6cb76-6mnb8
35.64,True,face-recognition-5-deployment-59c5b6cb76-6mnb8
35.64,True,face-recognition-5-deployment-59c5b6cb76-6mnb8
35.64,True,face-recognition-5-deployment-59c5b6cb76-6mnb8
35.64,True,face-recognition-5-deployment-59c5b6cb76-6mnb8
35.64,True,face-recognition-5-deployment-59c5b6cb76-6mnb8
35.64,True,face-recognition-5-deployment-59c5b6cb76-6mnb8
35.64,True,face-recognition-5-deployment-59c5b6cb76-6mnb8
35.64,True,face-recognition-5-deployment-59c5b6cb76-6mnb8
35.64,True,face-recognition-5-deployment-59c5b6cb76-6mnb8
35.64,True,face-recognition-5-deployment-59c5b6cb76-6mnb8
35.64,True,face-recognition-5-deployment-59c5b6cb76-6mnb8
35.64,True,face-recognition-5-deployment-59c5b6cb76-6mnb8
35.64,True,face-recognition-5-deployment-59c5b6cb76-6mnb8
35.64,True,face-recognition-5-deployment-59c5b6cb76-6mnb8
35.64,True,face-recognition-5-deployment-59c5b6cb76-6mnb8
24.03,True,face-recognition-5-deployment-59c5b6cb76-6mnb8
24.03,True,face-recognition-5-deployment-59c5b6cb76-6mnb8
24.03,True,face-recognition-5-deployment-59c5b6cb76-6mnb8
24.03,True,face-recognition-5-deployment-59c5b6cb76-6mnb8
24.03,True,face-recognition-5-deployment-59c5b6cb76-6mnb8
24.03,True,face-recognition-5-deployment-59c5b6cb76-6mnb8
24.03,True,face-recognition-5-deployment-59c5b6cb76-6mnb8
24.03,True,face-recognition-5-deployment-59c5b6cb76-6mnb8
24.03,True,face-recognition-5-deployment-59c5b6cb76-6mnb8
24.03,True,face-recognition-5-deployment-59c5b6cb76-6mnb8
24.03,True,face-recognition-5-deployment-59c5b6cb76-6mnb8
24.03,True,face-recognition-5-deployment-59c5b6cb76-6mnb8
24.03,True,face-recognition-5-deployment-59c5b6cb76-6mnb8
24.03,True,face-recognition-5-deployment-59c5b6cb76-6mnb8
24.03,True,face-recognition-5-deployment-59c5b6cb76-6mnb8
24.03,True,face-recognition-5-deployment-59c5b6cb76-6mnb8
24.03,True,face-recognition-5-deployment-59c5b6cb76-6mnb8
24.03,True,face-recognition-5-deployment-59c5b6cb76-6mnb8
24.03,True,face-recognition-5-deployment-59c5b6cb76-6mnb8
24.03,True,face-recognition-5-deployment-59c5b6cb76-6mnb8
24.03,True,face-recognition-5-deployment-59c5b6cb76-6mnb8
24.03,True,face-recognition-5-deployment-59c5b6cb76-6mnb8
24.03,True,face-recognition-5-deployment-59c5b6cb76-6mnb8
24.03,True,face-recognition-5-deployment-59c5b6cb76-6mnb8
23.24,True,face-recognition-5-deployment-59c5b6cb76-6mnb8
23.24,True,face-recognition-5-deployment-59c5b6cb76-6mnb8
23.24,True,face-recognition-5-deployment-59c5b6cb76-6mnb8
23.24,True,face-recognition-5-deployment-59c5b6cb76-6mnb8
23.24,True,face-recognition-5-deployment-59c5b6cb76-6mnb8
23.24,True,face-recognition-5-deployment-59c5b6cb76-6mnb8
23.24,True,face-recognition-5-deployment-59c5b6cb76-6mnb8
23.24,True,face-recognition-5-deployment-59c5b6cb76-6mnb8
23.24,True,face-recognition-5-deployment-59c5b6cb76-6mnb8
23.24,True,face-recognition-5-deployment-59c5b6cb76-6mnb8
23.24,True,face-recognition-5-deployment-59c5b6cb76-6mnb8
23.24,True,face-recognition-5-deployment-59c5b6cb76-6mnb8
23.24,True,face-recognition-5-deployment-59c5b6cb76-6mnb8
23.24,True,face-recognition-5-deployment-59c5b6cb76-6mnb8
23.24,True,face-recognition-5-deployment-59c5b6cb76-6mnb8
23.24,True,face-recognition-5-deployment-59c5b6cb76-6mnb8
23.24,True,face-recognition-5-deployment-59c5b6cb76-6mnb8
23.24,True,face-recognition-5-deployment-59c5b6cb76-6mnb8
23.24,True,face-recognition-5-deployment-59c5b6cb76-6mnb8
23.24,True,face-recognition-5-deployment-59c5b6cb76-6mnb8
23.24,True,face-recognition-5-deployment-59c5b6cb76-6mnb8
23.24,True,face-recognition-5-deployment-59c5b6cb76-6mnb8
23.24,True,face-recognition-5-deployment-59c5b6cb76-6mnb8
23.24,True,face-recognition-5-deployment-59c5b6cb76-6mnb8
23.24,True,face-recognition-5-deployment-59c5b6cb76-6mnb8
23.24,True,face-recognition-5-deployment-59c5b6cb76-6mnb8
25.07,True,face-recognition-5-deployment-59c5b6cb76-6mnb8
25.07,True,face-recognition-5-deployment-59c5b6cb76-6mnb8
25.07,True,face-recognition-5-deployment-59c5b6cb76-6mnb8
25.07,True,face-recognition-5-deployment-59c5b6cb76-6mnb8
25.07,True,face-recognition-5-deployment-59c5b6cb76-6mnb8
25.07,True,face-recognition-5-deployment-59c5b6cb76-6mnb8
25.07,True,face-recognition-5-deployment-59c5b6cb76-6mnb8
25.07,True,face-recognition-5-deployment-59c5b6cb76-6mnb8
25.07,True,face-recognition-5-deployment-59c5b6cb76-6mnb8
25.07,True,face-recognition-5-deployment-59c5b6cb76-6mnb8
25.07,True,face-recognition-5-deployment-59c5b6cb76-6mnb8
25.07,True,face-recognition-5-deployment-59c5b6cb76-6mnb8
25.07,True,face-recognition-5-deployment-59c5b6cb76-6mnb8
25.07,True,face-recognition-5-deployment-59c5b6cb76-6mnb8
25.07,True,face-recognition-5-deployment-59c5b6cb76-6mnb8
25.07,True,face-recognition-5-deployment-59c5b6cb76-6mnb8
25.07,True,face-recognition-5-deployment-59c5b6cb76-6mnb8
25.07,True,face-recognition-5-deployment-59c5b6cb76-6mnb8
25.07,True,face-recognition-5-deployment-59c5b6cb76-6mnb8
25.07,True,face-recognition-5-deployment-59c5b6cb76-6mnb8
25.07,True,face-recognition-5-deployment-59c5b6cb76-6mnb8
25.07,True,face-recognition-5-deployment-59c5b6cb76-6mnb8
25.07,True,face-recognition-5-deployment-59c5b6cb76-6mnb8
25.07,True,face-recognition-5-deployment-59c5b6cb76-6mnb8
23.25,True,face-recognition-5-deployment-59c5b6cb76-6mnb8
23.25,True,face-recognition-5-deployment-59c5b6cb76-6mnb8
23.25,True,face-recognition-5-deployment-59c5b6cb76-6mnb8
23.25,True,face-recognition-5-deployment-59c5b6cb76-6mnb8
23.25,True,face-recognition-5-deployment-59c5b6cb76-6mnb8
23.25,True,face-recognition-5-deployment-59c5b6cb76-6mnb8
23.25,True,face-recognition-5-deployment-59c5b6cb76-6mnb8
23.25,True,face-recognition-5-deployment-59c5b6cb76-6mnb8
23.25,True,face-recognition-5-deployment-59c5b6cb76-6mnb8
23.25,True,face-recognition-5-deployment-59c5b6cb76-6mnb8
23.25,True,face-recognition-5-deployment-59c5b6cb76-6mnb8
23.25,True,face-recognition-5-deployment-59c5b6cb76-6mnb8
23.25,True,face-recognition-5-deployment-59c5b6cb76-6mnb8
23.25,True,face-recognition-5-deployment-59c5b6cb76-6mnb8
23.25,True,face-recognition-5-deployment-59c5b6cb76-6mnb8
23.25,True,face-recognition-5-deployment-59c5b6cb76-6mnb8
23.25,True,face-recognition-5-deployment-59c5b6cb76-6mnb8
23.25,True,face-recognition-5-deployment-59c5b6cb76-6mnb8
23.25,True,face-recognition-5-deployment-59c5b6cb76-6mnb8
23.25,True,face-recognition-5-deployment-59c5b6cb76-6mnb8
23.25,True,face-recognition-5-deployment-59c5b6cb76-6mnb8
23.25,True,face-recognition-5-deployment-59c5b6cb76-6mnb8
23.25,True,face-recognition-5-deployment-59c5b6cb76-6mnb8
23.25,True,face-recognition-5-deployment-59c5b6cb76-6mnb8
23.25,True,face-recognition-5-deployment-59c5b6cb76-6mnb8
23.25,True,face-recognition-5-deployment-59c5b6cb76-6mnb8
23.25,True,face-recognition-5-deployment-59c5b6cb76-6mnb8
23.25,True,face-recognition-5-deployment-59c5b6cb76-6mnb8
23.25,True,face-recognition-5-deployment-59c5b6cb76-6mnb8
23.25,True,face-recognition-5-deployment-59c5b6cb76-6mnb8
23.25,True,face-recognition-5-deployment-59c5b6cb76-6mnb8
23.25,True,face-recognition-5-deployment-59c5b6cb76-6mnb8
23.25,True,face-recognition-5-deployment-59c5b6cb76-6mnb8
23.25,True,face-recognition-5-deployment-59c5b6cb76-6mnb8
23.25,True,face-recognition-5-deployment-59c5b6cb76-6mnb8
23.25,True,face-recognition-5-deployment-59c5b6cb76-6mnb8
23.25,True,face-recognition-5-deployment-59c5b6cb76-6mnb8
23.25,True,face-recognition-5-deployment-59c5b6cb76-6mnb8
23.25,True,face-recognition-5-deployment-59c5b6cb76-6mnb8
23.25,True,face-recognition-5-deployment-59c5b6cb76-6mnb8
23.25,True,face-recognition-5-deployment-59c5b6cb76-6mnb8
23.25,True,face-recognition-5-deployment-59c5b6cb76-6mnb8
23.25,True,face-recognition-5-deployment-59c5b6cb76-6mnb8
23.25,True,face-recognition-5-deployment-59c5b6cb76-6mnb8
41.51,True,face-recognition-5-deployment-59c5b6cb76-6mnb8
41.51,True,face-recognition-5-deployment-59c5b6cb76-6mnb8
41.51,True,face-recognition-5-deployment-59c5b6cb76-6mnb8
41.51,True,face-recognition-5-deployment-59c5b6cb76-6mnb8
41.51,True,face-recognition-5-deployment-59c5b6cb76-6mnb8
41.51,True,face-recognition-5-deployment-59c5b6cb76-6mnb8
41.51,True,face-recognition-5-deployment-59c5b6cb76-6mnb8
41.51,True,face-recognition-5-deployment-59c5b6cb76-6mnb8
41.51,True,face-recognition-5-deployment-59c5b6cb76-6mnb8
41.51,True,face-recognition-5-deployment-59c5b6cb76-6mnb8
41.51,True,face-recognition-5-deployment-59c5b6cb76-6mnb8
41.51,True,face-recognition-5-deployment-59c5b6cb76-6mnb8
41.51,True,face-recognition-5-deployment-59c5b6cb76-6mnb8
41.51,True,face-recognition-5-deployment-59c5b6cb76-6mnb8
41.51,True,face-recognition-5-deployment-59c5b6cb76-6mnb8
41.51,True,face-recognition-5-deployment-59c5b6cb76-6mnb8
41.51,True,face-recognition-5-deployment-59c5b6cb76-6mnb8
41.51,True,face-recognition-5-deployment-59c5b6cb76-6mnb8
41.51,True,face-recognition-5-deployment-59c5b6cb76-6mnb8
41.51,True,face-recognition-5-deployment-59c5b6cb76-6mnb8
41.51,True,face-recognition-5-deployment-59c5b6cb76-6mnb8
41.51,True,face-recognition-5-deployment-59c5b6cb76-6mnb8
41.51,True,face-recognition-5-deployment-59c5b6cb76-6mnb8
41.51,True,face-recognition-5-deployment-59c5b6cb76-6mnb8
41.51,True,face-recognition-5-deployment-59c5b6cb76-6mnb8
41.51,True,face-recognition-5-deployment-59c5b6cb76-6mnb8
41.51,True,face-recognition-5-deployment-59c5b6cb76-6mnb8
41.51,True,face-recognition-5-deployment-59c5b6cb76-6mnb8
41.51,True,face-recognition-5-deployment-59c5b6cb76-6mnb8
41.51,True,face-recognition-5-deployment-59c5b6cb76-6mnb8
41.51,True,face-recognition-5-deployment-59c5b6cb76-6mnb8
41.51,True,face-recognition-5-deployment-59c5b6cb76-6mnb8
41.51,True,face-recognition-5-deployment-59c5b6cb76-6mnb8
41.51,True,face-recognition-5-deployment-59c5b6cb76-6mnb8
41.51,True,face-recognition-5-deployment-59c5b6cb76-6mnb8
41.51,True,face-recognition-5-deployment-59c5b6cb76-6mnb8
41.51,True,face-recognition-5-deployment-59c5b6cb76-6mnb8
41.51,True,face-recognition-5-deployment-59c5b6cb76-6mnb8
41.51,True,face-recognition-5-deployment-59c5b6cb76-6mnb8
41.51,True,face-recognition-5-deployment-59c5b6cb76-6mnb8
41.51,True,face-recognition-5-deployment-59c5b6cb76-6mnb8
41.51,True,face-recognition-5-deployment-59c5b6cb76-6mnb8
41.51,True,face-recognition-5-deployment-59c5b6cb76-6mnb8
41.51,True,face-recognition-5-deployment-59c5b6cb76-6mnb8
41.51,True,face-recognition-5-deployment-59c5b6cb76-6mnb8
41.51,True,face-recognition-5-deployment-59c5b6cb76-6mnb8
41.51,True,face-recognition-5-deployment-59c5b6cb76-6mnb8
41.51,True,face-recognition-5-deployment-59c5b6cb76-6mnb8
41.51,True,face-recognition-5-deployment-59c5b6cb76-6mnb8
41.51,True,face-recognition-5-deployment-59c5b6cb76-6mnb8
41.51,True,face-recognition-5-deployment-59c5b6cb76-6mnb8
41.51,True,face-recognition-5-deployment-59c5b6cb76-6mnb8
41.51,True,face-recognition-5-deployment-59c5b6cb76-6mnb8
41.51,True,face-recognition-5-deployment-59c5b6cb76-6mnb8
41.51,True,face-recognition-5-deployment-59c5b6cb76-6mnb8
41.51,True,face-recognition-5-deployment-59c5b6cb76-6mnb8
41.51,True,face-recognition-5-deployment-59c5b6cb76-6mnb8
41.51,True,face-recognition-5-deployment-59c5b6cb76-6mnb8
52.24,True,face-recognition-5-deployment-59c5b6cb76-6mnb8
52.24,True,face-recognition-5-deployment-59c5b6cb76-6mnb8
52.24,True,face-recognition-5-deployment-59c5b6cb76-6mnb8
52.24,True,face-recognition-5-deployment-59c5b6cb76-6mnb8
52.24,True,face-recognition-5-deployment-59c5b6cb76-6mnb8
52.24,True,face-recognition-5-deployment-59c5b6cb76-6mnb8
52.24,True,face-recognition-5-deployment-59c5b6cb76-6mnb8
52.24,True,face-recognition-5-deployment-59c5b6cb76-6mnb8
52.24,True,face-recognition-5-deployment-59c5b6cb76-6mnb8
52.24,True,face-recognition-5-deployment-59c5b6cb76-6mnb8
52.24,True,face-recognition-5-deployment-59c5b6cb76-6mnb8
52.24,True,face-recognition-5-deployment-59c5b6cb76-6mnb8
52.24,True,face-recognition-5-deployment-59c5b6cb76-6mnb8
52.24,True,face-recognition-5-deployment-59c5b6cb76-6mnb8
52.24,True,face-recognition-5-deployment-59c5b6cb76-6mnb8
52.24,True,face-recognition-5-deployment-59c5b6cb76-6mnb8
52.24,True,face-recognition-5-deployment-59c5b6cb76-6mnb8
52.24,True,face-recognition-5-deployment-59c5b6cb76-6mnb8
52.24,True,face-recognition-5-deployment-59c5b6cb76-6mnb8
52.24,True,face-recognition-5-deployment-59c5b6cb76-6mnb8
52.24,True,face-recognition-5-deployment-59c5b6cb76-6mnb8
52.24,True,face-recognition-5-deployment-59c5b6cb76-6mnb8
52.24,True,face-recognition-5-deployment-59c5b6cb76-6mnb8
52.24,True,face-recognition-5-deployment-59c5b6cb76-6mnb8
52.24,True,face-recognition-5-deployment-59c5b6cb76-6mnb8
52.24,True,face-recognition-5-deployment-59c5b6cb76-6mnb8
52.24,True,face-recognition-5-deployment-59c5b6cb76-6mnb8
52.24,True,face-recognition-5-deployment-59c5b6cb76-6mnb8
52.24,True,face-recognition-5-deployment-59c5b6cb76-6mnb8
52.24,True,face-recognition-5-deployment-59c5b6cb76-6mnb8
52.24,True,face-recognition-5-deployment-59c5b6cb76-6mnb8
52.24,True,face-recognition-5-deployment-59c5b6cb76-6mnb8
52.24,True,face-recognition-5-deployment-59c5b6cb76-6mnb8
26.87,True,face-recognition-5-deployment-59c5b6cb76-6mnb8
26.87,True,face-recognition-5-deployment-59c5b6cb76-6mnb8
26.87,True,face-recognition-5-deployment-59c5b6cb76-6mnb8
26.87,True,face-recognition-5-deployment-59c5b6cb76-6mnb8
26.87,True,face-recognition-5-deployment-59c5b6cb76-6mnb8
26.87,True,face-recognition-5-deployment-59c5b6cb76-6mnb8
26.87,True,face-recognition-5-deployment-59c5b6cb76-6mnb8
26.87,True,face-recognition-5-deployment-59c5b6cb76-6mnb8
26.87,True,face-recognition-5-deployment-59c5b6cb76-6mnb8
26.87,True,face-recognition-5-deployment-59c5b6cb76-6mnb8
26.87,True,face-recognition-5-deployment-59c5b6cb76-6mnb8
26.87,True,face-recognition-5-deployment-59c5b6cb76-6mnb8
26.87,True,face-recognition-5-deployment-59c5b6cb76-6mnb8
26.87,True,face-recognition-5-deployment-59c5b6cb76-6mnb8
26.87,True,face-recognition-5-deployment-59c5b6cb76-6mnb8
26.87,True,face-recognition-5-deployment-59c5b6cb76-6mnb8
26.87,True,face-recognition-5-deployment-59c5b6cb76-6mnb8
26.87,True,face-recognition-5-deployment-59c5b6cb76-6mnb8
26.87,True,face-recognition-5-deployment-59c5b6cb76-6mnb8
26.87,True,face-recognition-5-deployment-59c5b6cb76-6mnb8
26.87,True,face-recognition-5-deployment-59c5b6cb76-6mnb8
26.87,True,face-recognition-5-deployment-59c5b6cb76-6mnb8
26.87,True,face-recognition-5-deployment-59c5b6cb76-6mnb8
26.87,True,face-recognition-5-deployment-59c5b6cb76-6mnb8
26.87,True,face-recognition-5-deployment-59c5b6cb76-6mnb8
26.87,True,face-recognition-5-deployment-59c5b6cb76-6mnb8
26.87,True,face-recognition-5-deployment-59c5b6cb76-6mnb8
26.87,True,face-recognition-5-deployment-59c5b6cb76-6mnb8
26.87,True,face-recognition-5-deployment-59c5b6cb76-6mnb8
27.44,True,face-recognition-5-deployment-59c5b6cb76-6mnb8
27.44,True,face-recognition-5-deployment-59c5b6cb76-6mnb8
27.44,True,face-recognition-5-deployment-59c5b6cb76-6mnb8
27.44,True,face-recognition-5-deployment-59c5b6cb76-6mnb8
27.44,True,face-recognition-5-deployment-59c5b6cb76-6mnb8
27.44,True,face-recognition-5-deployment-59c5b6cb76-6mnb8
27.44,True,face-recognition-5-deployment-59c5b6cb76-6mnb8
27.44,True,face-recognition-5-deployment-59c5b6cb76-6mnb8
27.44,True,face-recognition-5-deployment-59c5b6cb76-6mnb8
27.44,True,face-recognition-5-deployment-59c5b6cb76-6mnb8
27.44,True,face-recognition-5-deployment-59c5b6cb76-6mnb8
27.44,True,face-recognition-5-deployment-59c5b6cb76-6mnb8
27.44,True,face-recognition-5-deployment-59c5b6cb76-6mnb8
27.44,True,face-recognition-5-deployment-59c5b6cb76-6mnb8
27.44,True,face-recognition-5-deployment-59c5b6cb76-6mnb8
27.44,True,face-recognition-5-deployment-59c5b6cb76-6mnb8
27.44,True,face-recognition-5-deployment-59c5b6cb76-6mnb8
27.44,True,face-recognition-5-deployment-59c5b6cb76-6mnb8
27.44,True,face-recognition-5-deployment-59c5b6cb76-6mnb8
27.44,True,face-recognition-5-deployment-59c5b6cb76-6mnb8
27.44,True,face-recognition-5-deployment-59c5b6cb76-6mnb8
27.44,True,face-recognition-5-deployment-59c5b6cb76-6mnb8
27.44,True,face-recognition-5-deployment-59c5b6cb76-6mnb8
27.44,True,face-recognition-5-deployment-59c5b6cb76-6mnb8
27.44,True,face-recognition-5-deployment-59c5b6cb76-6mnb8
27.44,True,face-recognition-5-deployment-59c5b6cb76-6mnb8
27.44,True,face-recognition-5-deployment-59c5b6cb76-6mnb8
27.44,True,face-recognition-5-deployment-59c5b6cb76-6mnb8
27.44,True,face-recognition-5-deployment-59c5b6cb76-6mnb8
27.44,True,face-recognition-5-deployment-59c5b6cb76-6mnb8
27.44,True,face-recognition-5-deployment-59c5b6cb76-6mnb8
27.44,True,face-recognition-5-deployment-59c5b6cb76-6mnb8
27.44,True,face-recognition-5-deployment-59c5b6cb76-6mnb8
33.0,True,face-recognition-5-deployment-59c5b6cb76-6mnb8
33.0,True,face-recognition-5-deployment-59c5b6cb76-6mnb8
33.0,True,face-recognition-5-deployment-59c5b6cb76-6mnb8
33.0,True,face-recognition-5-deployment-59c5b6cb76-6mnb8
33.0,True,face-recognition-5-deployment-59c5b6cb76-6mnb8
33.0,True,face-recognition-5-deployment-59c5b6cb76-6mnb8
33.0,True,face-recognition-5-deployment-59c5b6cb76-6mnb8
33.0,True,face-recognition-5-deployment-59c5b6cb76-6mnb8
33.0,True,face-recognition-5-deployment-59c5b6cb76-6mnb8
33.0,True,face-recognition-5-deployment-59c5b6cb76-6mnb8
33.0,True,face-recognition-5-deployment-59c5b6cb76-6mnb8
33.0,True,face-recognition-5-deployment-59c5b6cb76-6mnb8
33.0,True,face-recognition-5-deployment-59c5b6cb76-6mnb8
33.0,True,face-recognition-5-deployment-59c5b6cb76-6mnb8
33.0,True,face-recognition-5-deployment-59c5b6cb76-6mnb8
33.0,True,face-recognition-5-deployment-59c5b6cb76-6mnb8
33.0,True,face-recognition-5-deployment-59c5b6cb76-6mnb8
33.0,True,face-recognition-5-deployment-59c5b6cb76-6mnb8
33.0,True,face-recognition-5-deployment-59c5b6cb76-6mnb8
33.0,True,face-recognition-5-deployment-59c5b6cb76-6mnb8
33.0,True,face-recognition-5-deployment-59c5b6cb76-6mnb8
33.0,True,face-recognition-5-deployment-59c5b6cb76-6mnb8
33.0,True,face-recognition-5-deployment-59c5b6cb76-6mnb8
33.0,True,face-recognition-5-deployment-59c5b6cb76-6mnb8
33.0,True,face-recognition-5-deployment-59c5b6cb76-6mnb8
33.0,True,face-recognition-5-deployment-59c5b6cb76-6mnb8
33.0,True,face-recognition-5-deployment-59c5b6cb76-6mnb8
33.0,True,face-recognition-5-deployment-59c5b6cb76-6mnb8
33.0,True,face-recognition-5-deployment-59c5b6cb76-6mnb8
28.6,True,face-recognition-5-deployment-59c5b6cb76-6mnb8
28.6,True,face-recognition-5-deployment-59c5b6cb76-6mnb8
28.6,True,face-recognition-5-deployment-59c5b6cb76-6mnb8
28.6,True,face-recognition-5-deployment-59c5b6cb76-6mnb8
28.6,True,face-recognition-5-deployment-59c5b6cb76-6mnb8
28.6,True,face-recognition-5-deployment-59c5b6cb76-6mnb8
28.6,True,face-recognition-5-deployment-59c5b6cb76-6mnb8
28.6,True,face-recognition-5-deployment-59c5b6cb76-6mnb8
28.6,True,face-recognition-5-deployment-59c5b6cb76-6mnb8
28.6,True,face-recognition-5-deployment-59c5b6cb76-6mnb8
28.6,True,face-recognition-5-deployment-59c5b6cb76-6mnb8
28.6,True,face-recognition-5-deployment-59c5b6cb76-6mnb8
28.6,True,face-recognition-5-deployment-59c5b6cb76-6mnb8
28.6,True,face-recognition-5-deployment-59c5b6cb76-6mnb8
28.6,True,face-recognition-5-deployment-59c5b6cb76-6mnb8
28.6,True,face-recognition-5-deployment-59c5b6cb76-6mnb8
28.6,True,face-recognition-5-deployment-59c5b6cb76-6mnb8
28.6,True,face-recognition-5-deployment-59c5b6cb76-6mnb8
28.6,True,face-recognition-5-deployment-59c5b6cb76-6mnb8
28.6,True,face-recognition-5-deployment-59c5b6cb76-6mnb8
28.6,True,face-recognition-5-deployment-59c5b6cb76-6mnb8
28.6,True,face-recognition-5-deployment-59c5b6cb76-6mnb8
28.6,True,face-recognition-5-deployment-59c5b6cb76-6mnb8
28.6,True,face-recognition-5-deployment-59c5b6cb76-6mnb8
28.6,True,face-recognition-5-deployment-59c5b6cb76-6mnb8
28.6,True,face-recognition-5-deployment-59c5b6cb76-6mnb8
25.95,True,face-recognition-5-deployment-59c5b6cb76-6mnb8
25.95,True,face-recognition-5-deployment-59c5b6cb76-6mnb8
25.95,True,face-recognition-5-deployment-59c5b6cb76-6mnb8
25.95,True,face-recognition-5-deployment-59c5b6cb76-6mnb8
25.95,True,face-recognition-5-deployment-59c5b6cb76-6mnb8
25.95,True,face-recognition-5-deployment-59c5b6cb76-6mnb8
25.95,True,face-recognition-5-deployment-59c5b6cb76-6mnb8
25.95,True,face-recognition-5-deployment-59c5b6cb76-6mnb8
25.95,True,face-recognition-5-deployment-59c5b6cb76-6mnb8
25.95,True,face-recognition-5-deployment-59c5b6cb76-6mnb8
25.95,True,face-recognition-5-deployment-59c5b6cb76-6mnb8
25.95,True,face-recognition-5-deployment-59c5b6cb76-6mnb8
25.95,True,face-recognition-5-deployment-59c5b6cb76-6mnb8
25.95,True,face-recognition-5-deployment-59c5b6cb76-6mnb8
25.95,True,face-recognition-5-deployment-59c5b6cb76-6mnb8
25.95,True,face-recognition-5-deployment-59c5b6cb76-6mnb8
25.95,True,face-recognition-5-deployment-59c5b6cb76-6mnb8
25.95,True,face-recognition-5-deployment-59c5b6cb76-6mnb8
25.95,True,face-recognition-5-deployment-59c5b6cb76-6mnb8
25.95,True,face-recognition-5-deployment-59c5b6cb76-6mnb8
25.95,True,face-recognition-5-deployment-59c5b6cb76-6mnb8
25.95,True,face-recognition-5-deployment-59c5b6cb76-6mnb8
25.95,True,face-recognition-5-deployment-59c5b6cb76-6mnb8
25.95,True,face-recognition-5-deployment-59c5b6cb76-6mnb8
25.95,True,face-recognition-5-deployment-59c5b6cb76-6mnb8
25.95,True,face-recognition-5-deployment-59c5b6cb76-6mnb8
25.95,True,face-recognition-5-deployment-59c5b6cb76-6mnb8
25.95,True,face-recognition-5-deployment-59c5b6cb76-6mnb8
25.95,True,face-recognition-5-deployment-59c5b6cb76-6mnb8
25.95,True,face-recognition-5-deployment-59c5b6cb76-6mnb8
25.95,True,face-recognition-5-deployment-59c5b6cb76-6mnb8
25.95,True,face-recognition-5-deployment-59c5b6cb76-6mnb8
25.95,True,face-recognition-5-deployment-59c5b6cb76-6mnb8
25.95,True,face-recognition-5-deployment-59c5b6cb76-6mnb8
25.95,True,face-recognition-5-deployment-59c5b6cb76-6mnb8
25.95,True,face-recognition-5-deployment-59c5b6cb76-6mnb8
18.51,True,face-recognition-5-deployment-59c5b6cb76-6mnb8
18.51,True,face-recognition-5-deployment-59c5b6cb76-6mnb8
18.51,True,face-recognition-5-deployment-59c5b6cb76-6mnb8
18.51,True,face-recognition-5-deployment-59c5b6cb76-6mnb8
18.51,True,face-recognition-5-deployment-59c5b6cb76-6mnb8
18.51,True,face-recognition-5-deployment-59c5b6cb76-6mnb8
18.51,True,face-recognition-5-deployment-59c5b6cb76-6mnb8
18.51,True,face-recognition-5-deployment-59c5b6cb76-6mnb8
18.51,True,face-recognition-5-deployment-59c5b6cb76-6mnb8
18.51,True,face-recognition-5-deployment-59c5b6cb76-6mnb8
18.51,True,face-recognition-5-deployment-59c5b6cb76-6mnb8
18.51,True,face-recognition-5-deployment-59c5b6cb76-6mnb8
18.51,True,face-recognition-5-deployment-59c5b6cb76-6mnb8
18.51,True,face-recognition-5-deployment-59c5b6cb76-6mnb8
18.51,True,face-recognition-5-deployment-59c5b6cb76-6mnb8
18.51,True,face-recognition-5-deployment-59c5b6cb76-6mnb8
18.51,True,face-recognition-5-deployment-59c5b6cb76-6mnb8
18.51,True,face-recognition-5-deployment-59c5b6cb76-6mnb8
18.51,True,face-recognition-5-deployment-59c5b6cb76-6mnb8
18.51,True,face-recognition-5-deployment-59c5b6cb76-6mnb8
18.51,True,face-recognition-5-deployment-59c5b6cb76-6mnb8
18.51,True,face-recognition-5-deployment-59c5b6cb76-6mnb8
18.51,True,face-recognition-5-deployment-59c5b6cb76-6mnb8
18.51,True,face-recognition-5-deployment-59c5b6cb76-6mnb8
18.51,True,face-recognition-5-deployment-59c5b6cb76-6mnb8
18.51,True,face-recognition-5-deployment-59c5b6cb76-6mnb8
18.51,True,face-recognition-5-deployment-59c5b6cb76-6mnb8
18.51,True,face-recognition-5-deployment-59c5b6cb76-6mnb8
25.9,True,face-recognition-5-deployment-59c5b6cb76-6mnb8
25.9,True,face-recognition-5-deployment-59c5b6cb76-6mnb8
25.9,True,face-recognition-5-deployment-59c5b6cb76-6mnb8
25.9,True,face-recognition-5-deployment-59c5b6cb76-6mnb8
25.9,True,face-recognition-5-deployment-59c5b6cb76-6mnb8
25.9,True,face-recognition-5-deployment-59c5b6cb76-6mnb8
25.9,True,face-recognition-5-deployment-59c5b6cb76-6mnb8
25.9,True,face-recognition-5-deployment-59c5b6cb76-6mnb8
25.9,True,face-recognition-5-deployment-59c5b6cb76-6mnb8
25.9,True,face-recognition-5-deployment-59c5b6cb76-6mnb8
25.9,True,face-recognition-5-deployment-59c5b6cb76-6mnb8
25.9,True,face-recognition-5-deployment-59c5b6cb76-6mnb8
25.9,True,face-recognition-5-deployment-59c5b6cb76-6mnb8
25.9,True,face-recognition-5-deployment-59c5b6cb76-6mnb8
25.9,True,face-recognition-5-deployment-59c5b6cb76-6mnb8
25.9,True,face-recognition-5-deployment-59c5b6cb76-6mnb8
25.9,True,face-recognition-5-deployment-59c5b6cb76-6mnb8
25.9,True,face-recognition-5-deployment-59c5b6cb76-6mnb8
25.9,True,face-recognition-5-deployment-59c5b6cb76-6mnb8
25.9,True,face-recognition-5-deployment-59c5b6cb76-6mnb8
25.9,True,face-recognition-5-deployment-59c5b6cb76-6mnb8
25.9,True,face-recognition-5-deployment-59c5b6cb76-6mnb8
25.9,True,face-recognition-5-deployment-59c5b6cb76-6mnb8
25.9,True,face-recognition-5-deployment-59c5b6cb76-6mnb8
25.9,True,face-recognition-5-deployment-59c5b6cb76-6mnb8
25.9,True,face-recognition-5-deployment-59c5b6cb76-6mnb8
24.89,True,face-recognition-5-deployment-59c5b6cb76-6mnb8
24.89,True,face-recognition-5-deployment-59c5b6cb76-6mnb8
24.89,True,face-recognition-5-deployment-59c5b6cb76-6mnb8
24.89,True,face-recognition-5-deployment-59c5b6cb76-6mnb8
24.89,True,face-recognition-5-deployment-59c5b6cb76-6mnb8
24.89,True,face-recognition-5-deployment-59c5b6cb76-6mnb8
24.89,True,face-recognition-5-deployment-59c5b6cb76-6mnb8
24.89,True,face-recognition-5-deployment-59c5b6cb76-6mnb8
24.89,True,face-recognition-5-deployment-59c5b6cb76-6mnb8
24.89,True,face-recognition-5-deployment-59c5b6cb76-6mnb8
24.89,True,face-recognition-5-deployment-59c5b6cb76-6mnb8
24.89,True,face-recognition-5-deployment-59c5b6cb76-6mnb8
24.89,True,face-recognition-5-deployment-59c5b6cb76-6mnb8
24.89,True,face-recognition-5-deployment-59c5b6cb76-6mnb8
24.89,True,face-recognition-5-deployment-59c5b6cb76-6mnb8
24.89,True,face-recognition-5-deployment-59c5b6cb76-6mnb8
24.89,True,face-recognition-5-deployment-59c5b6cb76-6mnb8
24.89,True,face-recognition-5-deployment-59c5b6cb76-6mnb8
24.89,True,face-recognition-5-deployment-59c5b6cb76-6mnb8
24.89,True,face-recognition-5-deployment-59c5b6cb76-6mnb8
24.89,True,face-recognition-5-deployment-59c5b6cb76-6mnb8
24.89,True,face-recognition-5-deployment-59c5b6cb76-6mnb8
24.89,True,face-recognition-5-deployment-59c5b6cb76-6mnb8
24.89,True,face-recognition-5-deployment-59c5b6cb76-6mnb8
23.55,True,face-recognition-5-deployment-59c5b6cb76-6mnb8
23.55,True,face-recognition-5-deployment-59c5b6cb76-6mnb8
23.55,True,face-recognition-5-deployment-59c5b6cb76-6mnb8
23.55,True,face-recognition-5-deployment-59c5b6cb76-6mnb8
23.55,True,face-recognition-5-deployment-59c5b6cb76-6mnb8
23.55,True,face-recognition-5-deployment-59c5b6cb76-6mnb8
23.55,True,face-recognition-5-deployment-59c5b6cb76-6mnb8
23.55,True,face-recognition-5-deployment-59c5b6cb76-6mnb8
23.55,True,face-recognition-5-deployment-59c5b6cb76-6mnb8
23.55,True,face-recognition-5-deployment-59c5b6cb76-6mnb8
23.55,True,face-recognition-5-deployment-59c5b6cb76-6mnb8
23.55,True,face-recognition-5-deployment-59c5b6cb76-6mnb8
23.55,True,face-recognition-5-deployment-59c5b6cb76-6mnb8
23.55,True,face-recognition-5-deployment-59c5b6cb76-6mnb8
23.55,True,face-recognition-5-deployment-59c5b6cb76-6mnb8
23.55,True,face-recognition-5-deployment-59c5b6cb76-6mnb8
23.55,True,face-recognition-5-deployment-59c5b6cb76-6mnb8
23.55,True,face-recognition-5-deployment-59c5b6cb76-6mnb8
23.55,True,face-recognition-5-deployment-59c5b6cb76-6mnb8
23.55,True,face-recognition-5-deployment-59c5b6cb76-6mnb8
23.55,True,face-recognition-5-deployment-59c5b6cb76-6mnb8
23.55,True,face-recognition-5-deployment-59c5b6cb76-6mnb8
23.55,True,face-recognition-5-deployment-59c5b6cb76-6mnb8
23.55,True,face-recognition-5-deployment-59c5b6cb76-6mnb8
23.55,True,face-recognition-5-deployment-59c5b6cb76-6mnb8
23.55,True,face-recognition-5-deployment-59c5b6cb76-6mnb8
23.55,True,face-recognition-5-deployment-59c5b6cb76-6mnb8
23.55,True,face-recognition-5-deployment-59c5b6cb76-6mnb8
23.55,True,face-recognition-5-deployment-59c5b6cb76-6mnb8
23.55,True,face-recognition-5-deployment-59c5b6cb76-6mnb8
23.55,True,face-recognition-5-deployment-59c5b6cb76-6mnb8
23.55,True,face-recognition-5-deployment-59c5b6cb76-6mnb8
29.8,True,face-recognition-5-deployment-59c5b6cb76-6mnb8
29.8,True,face-recognition-5-deployment-59c5b6cb76-6mnb8
29.8,True,face-recognition-5-deployment-59c5b6cb76-6mnb8
29.8,True,face-recognition-5-deployment-59c5b6cb76-6mnb8
29.8,True,face-recognition-5-deployment-59c5b6cb76-6mnb8
29.8,True,face-recognition-5-deployment-59c5b6cb76-6mnb8
29.8,True,face-recognition-5-deployment-59c5b6cb76-6mnb8
29.8,True,face-recognition-5-deployment-59c5b6cb76-6mnb8
29.8,True,face-recognition-5-deployment-59c5b6cb76-6mnb8
29.8,True,face-recognition-5-deployment-59c5b6cb76-6mnb8
29.8,True,face-recognition-5-deployment-59c5b6cb76-6mnb8
29.8,True,face-recognition-5-deployment-59c5b6cb76-6mnb8
29.8,True,face-recognition-5-deployment-59c5b6cb76-6mnb8
29.8,True,face-recognition-5-deployment-59c5b6cb76-6mnb8
29.8,True,face-recognition-5-deployment-59c5b6cb76-6mnb8
29.8,True,face-recognition-5-deployment-59c5b6cb76-6mnb8
29.8,True,face-recognition-5-deployment-59c5b6cb76-6mnb8
29.8,True,face-recognition-5-deployment-59c5b6cb76-6mnb8
29.8,True,face-recognition-5-deployment-59c5b6cb76-6mnb8
29.8,True,face-recognition-5-deployment-59c5b6cb76-6mnb8
29.8,True,face-recognition-5-deployment-59c5b6cb76-6mnb8
29.8,True,face-recognition-5-deployment-59c5b6cb76-6mnb8
29.8,True,face-recognition-5-deployment-59c5b6cb76-6mnb8
29.8,True,face-recognition-5-deployment-59c5b6cb76-6mnb8
29.8,True,face-recognition-5-deployment-59c5b6cb76-6mnb8
29.8,True,face-recognition-5-deployment-59c5b6cb76-6mnb8
29.8,True,face-recognition-5-deployment-59c5b6cb76-6mnb8
29.8,True,face-recognition-5-deployment-59c5b6cb76-6mnb8
29.8,True,face-recognition-5-deployment-59c5b6cb76-6mnb8
29.8,True,face-recognition-5-deployment-59c5b6cb76-6mnb8
29.8,True,face-recognition-5-deployment-59c5b6cb76-6mnb8
29.8,True,face-recognition-5-deployment-59c5b6cb76-6mnb8
29.8,False,face-recognition-5-deployment-59c5b6cb76-6mnb8
29.8,False,face-recognition-5-deployment-59c5b6cb76-6mnb8
31.42,True,face-recognition-5-deployment-59c5b6cb76-6mnb8
31.42,True,face-recognition-5-deployment-59c5b6cb76-6mnb8
31.42,True,face-recognition-5-deployment-59c5b6cb76-6mnb8
31.42,True,face-recognition-5-deployment-59c5b6cb76-6mnb8
31.42,True,face-recognition-5-deployment-59c5b6cb76-6mnb8
31.42,True,face-recognition-5-deployment-59c5b6cb76-6mnb8
31.42,True,face-recognition-5-deployment-59c5b6cb76-6mnb8
31.42,True,face-recognition-5-deployment-59c5b6cb76-6mnb8
31.42,True,face-recognition-5-deployment-59c5b6cb76-6mnb8
31.42,True,face-recognition-5-deployment-59c5b6cb76-6mnb8
31.42,True,face-recognition-5-deployment-59c5b6cb76-6mnb8
31.42,True,face-recognition-5-deployment-59c5b6cb76-6mnb8
31.42,True,face-recognition-5-deployment-59c5b6cb76-6mnb8
31.42,True,face-recognition-5-deployment-59c5b6cb76-6mnb8
31.42,True,face-recognition-5-deployment-59c5b6cb76-6mnb8
31.42,True,face-recognition-5-deployment-59c5b6cb76-6mnb8
31.42,True,face-recognition-5-deployment-59c5b6cb76-6mnb8
31.42,True,face-recognition-5-deployment-59c5b6cb76-6mnb8
31.42,True,face-recognition-5-deployment-59c5b6cb76-6mnb8
31.42,True,face-recognition-5-deployment-59c5b6cb76-6mnb8
31.42,True,face-recognition-5-deployment-59c5b6cb76-6mnb8
31.42,True,face-recognition-5-deployment-59c5b6cb76-6mnb8
31.42,True,face-recognition-5-deployment-59c5b6cb76-6mnb8
31.42,True,face-recognition-5-deployment-59c5b6cb76-6mnb8
31.42,True,face-recognition-5-deployment-59c5b6cb76-6mnb8
31.42,True,face-recognition-5-deployment-59c5b6cb76-6mnb8
31.42,True,face-recognition-5-deployment-59c5b6cb76-6mnb8
31.42,True,face-recognition-5-deployment-59c5b6cb76-6mnb8
31.42,True,face-recognition-5-deployment-59c5b6cb76-6mnb8
31.42,True,face-recognition-5-deployment-59c5b6cb76-6mnb8
31.42,True,face-recognition-5-deployment-59c5b6cb76-6mnb8
31.42,True,face-recognition-5-deployment-59c5b6cb76-6mnb8
31.42,True,face-recognition-5-deployment-59c5b6cb76-6mnb8
31.42,True,face-recognition-5-deployment-59c5b6cb76-6mnb8
31.42,True,face-recognition-5-deployment-59c5b6cb76-6mnb8
31.42,True,face-recognition-5-deployment-59c5b6cb76-6mnb8
31.42,True,face-recognition-5-deployment-59c5b6cb76-6mnb8
31.42,True,face-recognition-5-deployment-59c5b6cb76-6mnb8
31.42,True,face-recognition-5-deployment-59c5b6cb76-6mnb8
31.42,True,face-recognition-5-deployment-59c5b6cb76-6mnb8
31.42,True,face-recognition-5-deployment-59c5b6cb76-6mnb8
31.42,True,face-recognition-5-deployment-59c5b6cb76-6mnb8
41.08,True,face-recognition-5-deployment-59c5b6cb76-6mnb8
41.08,True,face-recognition-5-deployment-59c5b6cb76-6mnb8
41.08,True,face-recognition-5-deployment-59c5b6cb76-6mnb8
41.08,True,face-recognition-5-deployment-59c5b6cb76-6mnb8
41.08,True,face-recognition-5-deployment-59c5b6cb76-6mnb8
41.08,True,face-recognition-5-deployment-59c5b6cb76-6mnb8
41.08,True,face-recognition-5-deployment-59c5b6cb76-6mnb8
41.08,True,face-recognition-5-deployment-59c5b6cb76-6mnb8
41.08,True,face-recognition-5-deployment-59c5b6cb76-6mnb8
41.08,True,face-recognition-5-deployment-59c5b6cb76-6mnb8
41.08,True,face-recognition-5-deployment-59c5b6cb76-6mnb8
41.08,True,face-recognition-5-deployment-59c5b6cb76-6mnb8
41.08,True,face-recognition-5-deployment-59c5b6cb76-6mnb8
41.08,True,face-recognition-5-deployment-59c5b6cb76-6mnb8
41.08,True,face-recognition-5-deployment-59c5b6cb76-6mnb8
41.08,True,face-recognition-5-deployment-59c5b6cb76-6mnb8
41.08,True,face-recognition-5-deployment-59c5b6cb76-6mnb8
41.08,True,face-recognition-5-deployment-59c5b6cb76-6mnb8
41.08,True,face-recognition-5-deployment-59c5b6cb76-6mnb8
41.08,True,face-recognition-5-deployment-59c5b6cb76-6mnb8
41.08,True,face-recognition-5-deployment-59c5b6cb76-6mnb8
41.08,True,face-recognition-5-deployment-59c5b6cb76-6mnb8
41.08,True,face-recognition-5-deployment-59c5b6cb76-6mnb8
41.08,True,face-recognition-5-deployment-59c5b6cb76-6mnb8
41.08,True,face-recognition-5-deployment-59c5b6cb76-6mnb8
41.08,True,face-recognition-5-deployment-59c5b6cb76-6mnb8
41.08,True,face-recognition-5-deployment-59c5b6cb76-6mnb8
41.08,True,face-recognition-5-deployment-59c5b6cb76-6mnb8
41.08,True,face-recognition-5-deployment-59c5b6cb76-6mnb8
41.08,True,face-recognition-5-deployment-59c5b6cb76-6mnb8
41.08,True,face-recognition-5-deployment-59c5b6cb76-6mnb8
41.08,True,face-recognition-5-deployment-59c5b6cb76-6mnb8
29.59,True,face-recognition-5-deployment-59c5b6cb76-6mnb8
29.59,True,face-recognition-5-deployment-59c5b6cb76-6mnb8
29.59,True,face-recognition-5-deployment-59c5b6cb76-6mnb8
29.59,True,face-recognition-5-deployment-59c5b6cb76-6mnb8
29.59,True,face-recognition-5-deployment-59c5b6cb76-6mnb8
29.59,True,face-recognition-5-deployment-59c5b6cb76-6mnb8
29.59,True,face-recognition-5-deployment-59c5b6cb76-6mnb8
29.59,True,face-recognition-5-deployment-59c5b6cb76-6mnb8
29.59,True,face-recognition-5-deployment-59c5b6cb76-6mnb8
29.59,True,face-recognition-5-deployment-59c5b6cb76-6mnb8
29.59,True,face-recognition-5-deployment-59c5b6cb76-6mnb8
29.59,True,face-recognition-5-deployment-59c5b6cb76-6mnb8
29.59,True,face-recognition-5-deployment-59c5b6cb76-6mnb8
29.59,True,face-recognition-5-deployment-59c5b6cb76-6mnb8
29.59,True,face-recognition-5-deployment-59c5b6cb76-6mnb8
29.59,True,face-recognition-5-deployment-59c5b6cb76-6mnb8
29.59,True,face-recognition-5-deployment-59c5b6cb76-6mnb8
29.59,True,face-recognition-5-deployment-59c5b6cb76-6mnb8
29.59,True,face-recognition-5-deployment-59c5b6cb76-6mnb8
29.59,True,face-recognition-5-deployment-59c5b6cb76-6mnb8
29.59,True,face-recognition-5-deployment-59c5b6cb76-6mnb8
29.59,True,face-recognition-5-deployment-59c5b6cb76-6mnb8
29.59,True,face-recognition-5-deployment-59c5b6cb76-6mnb8
29.59,True,face-recognition-5-deployment-59c5b6cb76-6mnb8
29.59,True,face-recognition-5-deployment-59c5b6cb76-6mnb8
29.59,True,face-recognition-5-deployment-59c5b6cb76-6mnb8
29.59,True,face-recognition-5-deployment-59c5b6cb76-6mnb8
29.59,True,face-recognition-5-deployment-59c5b6cb76-6mnb8
29.59,True,face-recognition-5-deployment-59c5b6cb76-6mnb8
29.59,True,face-recognition-5-deployment-59c5b6cb76-6mnb8
29.59,True,face-recognition-5-deployment-59c5b6cb76-6mnb8
29.59,True,face-recognition-5-deployment-59c5b6cb76-6mnb8
29.59,True,face-recognition-5-deployment-59c5b6cb76-6mnb8
29.59,True,face-recognition-5-deployment-59c5b6cb76-6mnb8
31.49,True,face-recognition-5-deployment-59c5b6cb76-6mnb8
31.49,True,face-recognition-5-deployment-59c5b6cb76-6mnb8
31.49,True,face-recognition-5-deployment-59c5b6cb76-6mnb8
31.49,True,face-recognition-5-deployment-59c5b6cb76-6mnb8
31.49,True,face-recognition-5-deployment-59c5b6cb76-6mnb8
31.49,True,face-recognition-5-deployment-59c5b6cb76-6mnb8
31.49,True,face-recognition-5-deployment-59c5b6cb76-6mnb8
31.49,True,face-recognition-5-deployment-59c5b6cb76-6mnb8
31.49,True,face-recognition-5-deployment-59c5b6cb76-6mnb8
31.49,True,face-recognition-5-deployment-59c5b6cb76-6mnb8
31.49,True,face-recognition-5-deployment-59c5b6cb76-6mnb8
31.49,True,face-recognition-5-deployment-59c5b6cb76-6mnb8
31.49,True,face-recognition-5-deployment-59c5b6cb76-6mnb8
31.49,True,face-recognition-5-deployment-59c5b6cb76-6mnb8
31.49,True,face-recognition-5-deployment-59c5b6cb76-6mnb8
31.49,True,face-recognition-5-deployment-59c5b6cb76-6mnb8
31.49,True,face-recognition-5-deployment-59c5b6cb76-6mnb8
31.49,True,face-recognition-5-deployment-59c5b6cb76-6mnb8
31.49,True,face-recognition-5-deployment-59c5b6cb76-6mnb8
31.49,True,face-recognition-5-deployment-59c5b6cb76-6mnb8
31.49,True,face-recognition-5-deployment-59c5b6cb76-6mnb8
31.49,True,face-recognition-5-deployment-59c5b6cb76-6mnb8
31.49,True,face-recognition-5-deployment-59c5b6cb76-6mnb8
31.49,True,face-recognition-5-deployment-59c5b6cb76-6mnb8
31.49,True,face-recognition-5-deployment-59c5b6cb76-6mnb8
31.49,True,face-recognition-5-deployment-59c5b6cb76-6mnb8
24.98,True,face-recognition-5-deployment-59c5b6cb76-6mnb8
24.98,True,face-recognition-5-deployment-59c5b6cb76-6mnb8
24.98,True,face-recognition-5-deployment-59c5b6cb76-6mnb8
24.98,True,face-recognition-5-deployment-59c5b6cb76-6mnb8
24.98,True,face-recognition-5-deployment-59c5b6cb76-6mnb8
24.98,True,face-recognition-5-deployment-59c5b6cb76-6mnb8
24.98,True,face-recognition-5-deployment-59c5b6cb76-6mnb8
24.98,True,face-recognition-5-deployment-59c5b6cb76-6mnb8
24.98,True,face-recognition-5-deployment-59c5b6cb76-6mnb8
24.98,True,face-recognition-5-deployment-59c5b6cb76-6mnb8
24.98,True,face-recognition-5-deployment-59c5b6cb76-6mnb8
24.98,True,face-recognition-5-deployment-59c5b6cb76-6mnb8
24.98,True,face-recognition-5-deployment-59c5b6cb76-6mnb8
24.98,True,face-recognition-5-deployment-59c5b6cb76-6mnb8
24.98,True,face-recognition-5-deployment-59c5b6cb76-6mnb8
24.98,True,face-recognition-5-deployment-59c5b6cb76-6mnb8
24.98,True,face-recognition-5-deployment-59c5b6cb76-6mnb8
24.98,True,face-recognition-5-deployment-59c5b6cb76-6mnb8
24.98,True,face-recognition-5-deployment-59c5b6cb76-6mnb8
24.98,True,face-recognition-5-deployment-59c5b6cb76-6mnb8
24.98,True,face-recognition-5-deployment-59c5b6cb76-6mnb8
24.98,True,face-recognition-5-deployment-59c5b6cb76-6mnb8
24.98,True,face-recognition-5-deployment-59c5b6cb76-6mnb8
24.98,True,face-recognition-5-deployment-59c5b6cb76-6mnb8
23.24,True,face-recognition-5-deployment-59c5b6cb76-6mnb8
23.24,True,face-recognition-5-deployment-59c5b6cb76-6mnb8
23.24,True,face-recognition-5-deployment-59c5b6cb76-6mnb8
23.24,True,face-recognition-5-deployment-59c5b6cb76-6mnb8
23.24,True,face-recognition-5-deployment-59c5b6cb76-6mnb8
23.24,True,face-recognition-5-deployment-59c5b6cb76-6mnb8
23.24,True,face-recognition-5-deployment-59c5b6cb76-6mnb8
23.24,True,face-recognition-5-deployment-59c5b6cb76-6mnb8
23.24,True,face-recognition-5-deployment-59c5b6cb76-6mnb8
23.24,True,face-recognition-5-deployment-59c5b6cb76-6mnb8
23.24,True,face-recognition-5-deployment-59c5b6cb76-6mnb8
23.24,True,face-recognition-5-deployment-59c5b6cb76-6mnb8
23.24,True,face-recognition-5-deployment-59c5b6cb76-6mnb8
23.24,True,face-recognition-5-deployment-59c5b6cb76-6mnb8
23.24,True,face-recognition-5-deployment-59c5b6cb76-6mnb8
23.24,True,face-recognition-5-deployment-59c5b6cb76-6mnb8
23.24,True,face-recognition-5-deployment-59c5b6cb76-6mnb8
23.24,True,face-recognition-5-deployment-59c5b6cb76-6mnb8
23.24,True,face-recognition-5-deployment-59c5b6cb76-6mnb8
23.24,True,face-recognition-5-deployment-59c5b6cb76-6mnb8
23.24,True,face-recognition-5-deployment-59c5b6cb76-6mnb8
23.24,True,face-recognition-5-deployment-59c5b6cb76-6mnb8
23.24,True,face-recognition-5-deployment-59c5b6cb76-6mnb8
23.24,True,face-recognition-5-deployment-59c5b6cb76-6mnb8
23.24,True,face-recognition-5-deployment-59c5b6cb76-6mnb8
23.24,True,face-recognition-5-deployment-59c5b6cb76-6mnb8
23.24,True,face-recognition-5-deployment-59c5b6cb76-6mnb8
23.24,True,face-recognition-5-deployment-59c5b6cb76-6mnb8
23.24,True,face-recognition-5-deployment-59c5b6cb76-6mnb8
23.24,True,face-recognition-5-deployment-59c5b6cb76-6mnb8
23.24,True,face-recognition-5-deployment-59c5b6cb76-6mnb8
23.24,True,face-recognition-5-deployment-59c5b6cb76-6mnb8
23.24,True,face-recognition-5-deployment-59c5b6cb76-6mnb8
23.24,True,face-recognition-5-deployment-59c5b6cb76-6mnb8
23.24,True,face-recognition-5-deployment-59c5b6cb76-6mnb8
23.24,True,face-recognition-5-deployment-59c5b6cb76-6mnb8
23.24,True,face-recognition-5-deployment-59c5b6cb76-6mnb8
23.24,True,face-recognition-5-deployment-59c5b6cb76-6mnb8
23.24,True,face-recognition-5-deployment-59c5b6cb76-6mnb8
23.24,True,face-recognition-5-deployment-59c5b6cb76-6mnb8
23.24,True,face-recognition-5-deployment-59c5b6cb76-6mnb8
23.24,True,face-recognition-5-deployment-59c5b6cb76-6mnb8
23.24,True,face-recognition-5-deployment-59c5b6cb76-6mnb8
23.24,True,face-recognition-5-deployment-59c5b6cb76-6mnb8
23.24,True,face-recognition-5-deployment-59c5b6cb76-6mnb8
23.24,True,face-recognition-5-deployment-59c5b6cb76-6mnb8
23.24,True,face-recognition-5-deployment-59c5b6cb76-6mnb8
23.24,True,face-recognition-5-deployment-59c5b6cb76-6mnb8
23.24,True,face-recognition-5-deployment-59c5b6cb76-6mnb8
23.24,True,face-recognition-5-deployment-59c5b6cb76-6mnb8
33.66,True,face-recognition-5-deployment-59c5b6cb76-6mnb8
33.66,True,face-recognition-5-deployment-59c5b6cb76-6mnb8
33.66,True,face-recognition-5-deployment-59c5b6cb76-6mnb8
33.66,True,face-recognition-5-deployment-59c5b6cb76-6mnb8
33.66,True,face-recognition-5-deployment-59c5b6cb76-6mnb8
33.66,True,face-recognition-5-deployment-59c5b6cb76-6mnb8
33.66,True,face-recognition-5-deployment-59c5b6cb76-6mnb8
33.66,True,face-recognition-5-deployment-59c5b6cb76-6mnb8
33.66,True,face-recognition-5-deployment-59c5b6cb76-6mnb8
33.66,True,face-recognition-5-deployment-59c5b6cb76-6mnb8
33.66,True,face-recognition-5-deployment-59c5b6cb76-6mnb8
33.66,True,face-recognition-5-deployment-59c5b6cb76-6mnb8
33.66,True,face-recognition-5-deployment-59c5b6cb76-6mnb8
33.66,True,face-recognition-5-deployment-59c5b6cb76-6mnb8
33.66,True,face-recognition-5-deployment-59c5b6cb76-6mnb8
33.66,True,face-recognition-5-deployment-59c5b6cb76-6mnb8
33.66,True,face-recognition-5-deployment-59c5b6cb76-6mnb8
33.66,True,face-recognition-5-deployment-59c5b6cb76-6mnb8
33.66,True,face-recognition-5-deployment-59c5b6cb76-6mnb8
33.66,True,face-recognition-5-deployment-59c5b6cb76-6mnb8
33.66,True,face-recognition-5-deployment-59c5b6cb76-6mnb8
33.66,True,face-recognition-5-deployment-59c5b6cb76-6mnb8
33.66,True,face-recognition-5-deployment-59c5b6cb76-6mnb8
33.66,True,face-recognition-5-deployment-59c5b6cb76-6mnb8
33.66,True,face-recognition-5-deployment-59c5b6cb76-6mnb8
33.66,True,face-recognition-5-deployment-59c5b6cb76-6mnb8
33.66,True,face-recognition-5-deployment-59c5b6cb76-6mnb8
33.66,True,face-recognition-5-deployment-59c5b6cb76-6mnb8
33.66,True,face-recognition-5-deployment-59c5b6cb76-6mnb8
33.66,True,face-recognition-5-deployment-59c5b6cb76-6mnb8
33.66,True,face-recognition-5-deployment-59c5b6cb76-6mnb8
33.66,True,face-recognition-5-deployment-59c5b6cb76-6mnb8
28.56,True,face-recognition-5-deployment-59c5b6cb76-6mnb8
28.56,True,face-recognition-5-deployment-59c5b6cb76-6mnb8
28.56,True,face-recognition-5-deployment-59c5b6cb76-6mnb8
28.56,True,face-recognition-5-deployment-59c5b6cb76-6mnb8
28.56,True,face-recognition-5-deployment-59c5b6cb76-6mnb8
28.56,True,face-recognition-5-deployment-59c5b6cb76-6mnb8
28.56,True,face-recognition-5-deployment-59c5b6cb76-6mnb8
28.56,True,face-recognition-5-deployment-59c5b6cb76-6mnb8
28.56,True,face-recognition-5-deployment-59c5b6cb76-6mnb8
28.56,True,face-recognition-5-deployment-59c5b6cb76-6mnb8
28.56,True,face-recognition-5-deployment-59c5b6cb76-6mnb8
28.56,True,face-recognition-5-deployment-59c5b6cb76-6mnb8
28.56,True,face-recognition-5-deployment-59c5b6cb76-6mnb8
28.56,True,face-recognition-5-deployment-59c5b6cb76-6mnb8
28.56,True,face-recognition-5-deployment-59c5b6cb76-6mnb8
28.56,True,face-recognition-5-deployment-59c5b6cb76-6mnb8
28.56,True,face-recognition-5-deployment-59c5b6cb76-6mnb8
28.56,True,face-recognition-5-deployment-59c5b6cb76-6mnb8
28.56,True,face-recognition-5-deployment-59c5b6cb76-6mnb8
28.56,True,face-recognition-5-deployment-59c5b6cb76-6mnb8
28.56,True,face-recognition-5-deployment-59c5b6cb76-6mnb8
28.56,True,face-recognition-5-deployment-59c5b6cb76-6mnb8
28.56,True,face-recognition-5-deployment-59c5b6cb76-6mnb8
28.56,True,face-recognition-5-deployment-59c5b6cb76-6mnb8
28.56,True,face-recognition-5-deployment-59c5b6cb76-6mnb8
28.56,True,face-recognition-5-deployment-59c5b6cb76-6mnb8
28.56,True,face-recognition-5-deployment-59c5b6cb76-6mnb8
28.56,True,face-recognition-5-deployment-59c5b6cb76-6mnb8
28.56,True,face-recognition-5-deployment-59c5b6cb76-6mnb8
28.56,True,face-recognition-5-deployment-59c5b6cb76-6mnb8
28.56,True,face-recognition-5-deployment-59c5b6cb76-6mnb8
28.56,True,face-recognition-5-deployment-59c5b6cb76-6mnb8
28.56,True,face-recognition-5-deployment-59c5b6cb76-6mnb8
28.56,True,face-recognition-5-deployment-59c5b6cb76-6mnb8
28.56,True,face-recognition-5-deployment-59c5b6cb76-6mnb8
28.56,True,face-recognition-5-deployment-59c5b6cb76-6mnb8
35.77,True,face-recognition-5-deployment-59c5b6cb76-6mnb8
35.77,True,face-recognition-5-deployment-59c5b6cb76-6mnb8
35.77,True,face-recognition-5-deployment-59c5b6cb76-6mnb8
35.77,True,face-recognition-5-deployment-59c5b6cb76-6mnb8
35.77,True,face-recognition-5-deployment-59c5b6cb76-6mnb8
35.77,True,face-recognition-5-deployment-59c5b6cb76-6mnb8
35.77,True,face-recognition-5-deployment-59c5b6cb76-6mnb8
35.77,True,face-recognition-5-deployment-59c5b6cb76-6mnb8
35.77,True,face-recognition-5-deployment-59c5b6cb76-6mnb8
35.77,True,face-recognition-5-deployment-59c5b6cb76-6mnb8
35.77,False,face-recognition-5-deployment-59c5b6cb76-6mnb8
35.77,False,face-recognition-5-deployment-59c5b6cb76-6mnb8
35.77,True,face-recognition-5-deployment-59c5b6cb76-6mnb8
35.77,True,face-recognition-5-deployment-59c5b6cb76-6mnb8
35.77,False,face-recognition-5-deployment-59c5b6cb76-6mnb8
35.77,False,face-recognition-5-deployment-59c5b6cb76-6mnb8
35.77,False,face-recognition-5-deployment-59c5b6cb76-6mnb8
35.77,False,face-recognition-5-deployment-59c5b6cb76-6mnb8
35.77,False,face-recognition-5-deployment-59c5b6cb76-6mnb8
35.77,False,face-recognition-5-deployment-59c5b6cb76-6mnb8
35.77,False,face-recognition-5-deployment-59c5b6cb76-6mnb8
35.77,False,face-recognition-5-deployment-59c5b6cb76-6mnb8
35.77,True,face-recognition-5-deployment-59c5b6cb76-6mnb8
35.77,True,face-recognition-5-deployment-59c5b6cb76-6mnb8
35.77,True,face-recognition-5-deployment-59c5b6cb76-6mnb8
35.77,True,face-recognition-5-deployment-59c5b6cb76-6mnb8
24.07,True,face-recognition-5-deployment-59c5b6cb76-6mnb8
24.07,True,face-recognition-5-deployment-59c5b6cb76-6mnb8
24.07,True,face-recognition-5-deployment-59c5b6cb76-6mnb8
24.07,True,face-recognition-5-deployment-59c5b6cb76-6mnb8
24.07,True,face-recognition-5-deployment-59c5b6cb76-6mnb8
24.07,True,face-recognition-5-deployment-59c5b6cb76-6mnb8
24.07,True,face-recognition-5-deployment-59c5b6cb76-6mnb8
24.07,True,face-recognition-5-deployment-59c5b6cb76-6mnb8
24.07,True,face-recognition-5-deployment-59c5b6cb76-6mnb8
24.07,True,face-recognition-5-deployment-59c5b6cb76-6mnb8
24.07,True,face-recognition-5-deployment-59c5b6cb76-6mnb8
24.07,True,face-recognition-5-deployment-59c5b6cb76-6mnb8
24.07,True,face-recognition-5-deployment-59c5b6cb76-6mnb8
24.07,True,face-recognition-5-deployment-59c5b6cb76-6mnb8
24.07,True,face-recognition-5-deployment-59c5b6cb76-6mnb8
24.07,True,face-recognition-5-deployment-59c5b6cb76-6mnb8
24.07,True,face-recognition-5-deployment-59c5b6cb76-6mnb8
24.07,True,face-recognition-5-deployment-59c5b6cb76-6mnb8
24.07,True,face-recognition-5-deployment-59c5b6cb76-6mnb8
24.07,True,face-recognition-5-deployment-59c5b6cb76-6mnb8
24.07,True,face-recognition-5-deployment-59c5b6cb76-6mnb8
24.07,True,face-recognition-5-deployment-59c5b6cb76-6mnb8
24.07,True,face-recognition-5-deployment-59c5b6cb76-6mnb8
24.07,True,face-recognition-5-deployment-59c5b6cb76-6mnb8
24.07,True,face-recognition-5-deployment-59c5b6cb76-6mnb8
24.07,True,face-recognition-5-deployment-59c5b6cb76-6mnb8
24.07,True,face-recognition-5-deployment-59c5b6cb76-6mnb8
24.07,True,face-recognition-5-deployment-59c5b6cb76-6mnb8
24.07,True,face-recognition-5-deployment-59c5b6cb76-6mnb8
24.07,True,face-recognition-5-deployment-59c5b6cb76-6mnb8
24.07,True,face-recognition-5-deployment-59c5b6cb76-6mnb8
24.07,True,face-recognition-5-deployment-59c5b6cb76-6mnb8
24.07,True,face-recognition-5-deployment-59c5b6cb76-6mnb8
24.07,True,face-recognition-5-deployment-59c5b6cb76-6mnb8
24.07,True,face-recognition-5-deployment-59c5b6cb76-6mnb8
24.07,True,face-recognition-5-deployment-59c5b6cb76-6mnb8
24.07,True,face-recognition-5-deployment-59c5b6cb76-6mnb8
24.07,True,face-recognition-5-deployment-59c5b6cb76-6mnb8
24.07,True,face-recognition-5-deployment-59c5b6cb76-6mnb8
24.07,True,face-recognition-5-deployment-59c5b6cb76-6mnb8
24.07,True,face-recognition-5-deployment-59c5b6cb76-6mnb8
24.07,True,face-recognition-5-deployment-59c5b6cb76-6mnb8
24.07,True,face-recognition-5-deployment-59c5b6cb76-6mnb8
24.07,True,face-recognition-5-deployment-59c5b6cb76-6mnb8
24.07,True,face-recognition-5-deployment-59c5b6cb76-6mnb8
24.07,True,face-recognition-5-deployment-59c5b6cb76-6mnb8
24.07,True,face-recognition-5-deployment-59c5b6cb76-6mnb8
24.07,True,face-recognition-5-deployment-59c5b6cb76-6mnb8
47.98,True,face-recognition-5-deployment-59c5b6cb76-6mnb8
47.98,True,face-recognition-5-deployment-59c5b6cb76-6mnb8
47.98,True,face-recognition-5-deployment-59c5b6cb76-6mnb8
47.98,True,face-recognition-5-deployment-59c5b6cb76-6mnb8
47.98,True,face-recognition-5-deployment-59c5b6cb76-6mnb8
47.98,True,face-recognition-5-deployment-59c5b6cb76-6mnb8
47.98,True,face-recognition-5-deployment-59c5b6cb76-6mnb8
47.98,True,face-recognition-5-deployment-59c5b6cb76-6mnb8
47.98,False,face-recognition-5-deployment-59c5b6cb76-6mnb8
47.98,False,face-recognition-5-deployment-59c5b6cb76-6mnb8
47.98,False,face-recognition-5-deployment-59c5b6cb76-6mnb8
47.98,False,face-recognition-5-deployment-59c5b6cb76-6mnb8
47.98,False,face-recognition-5-deployment-59c5b6cb76-6mnb8
47.98,False,face-recognition-5-deployment-59c5b6cb76-6mnb8
13.7,False,face-recognition-5-deployment-59c5b6cb76-6mnb8
13.7,False,face-recognition-5-deployment-59c5b6cb76-6mnb8
13.7,False,face-recognition-5-deployment-59c5b6cb76-6mnb8
13.7,False,face-recognition-5-deployment-59c5b6cb76-6mnb8
13.7,False,face-recognition-5-deployment-59c5b6cb76-6mnb8
13.7,False,face-recognition-5-deployment-59c5b6cb76-6mnb8
13.7,True,face-recognition-5-deployment-59c5b6cb76-6mnb8
13.7,True,face-recognition-5-deployment-59c5b6cb76-6mnb8
13.7,True,face-recognition-5-deployment-59c5b6cb76-6mnb8
13.7,True,face-recognition-5-deployment-59c5b6cb76-6mnb8
13.7,True,face-recognition-5-deployment-59c5b6cb76-6mnb8
13.7,True,face-recognition-5-deployment-59c5b6cb76-6mnb8
13.7,True,face-recognition-5-deployment-59c5b6cb76-6mnb8
13.7,True,face-recognition-5-deployment-59c5b6cb76-6mnb8
13.7,True,face-recognition-5-deployment-59c5b6cb76-6mnb8
13.7,True,face-recognition-5-deployment-59c5b6cb76-6mnb8
13.7,True,face-recognition-5-deployment-59c5b6cb76-6mnb8
13.7,True,face-recognition-5-deployment-59c5b6cb76-6mnb8
13.7,True,face-recognition-5-deployment-59c5b6cb76-6mnb8
13.7,True,face-recognition-5-deployment-59c5b6cb76-6mnb8
13.7,True,face-recognition-5-deployment-59c5b6cb76-6mnb8
13.7,True,face-recognition-5-deployment-59c5b6cb76-6mnb8
13.7,True,face-recognition-5-deployment-59c5b6cb76-6mnb8
13.7,True,face-recognition-5-deployment-59c5b6cb76-6mnb8
13.7,True,face-recognition-5-deployment-59c5b6cb76-6mnb8
13.7,True,face-recognition-5-deployment-59c5b6cb76-6mnb8
13.7,True,face-recognition-5-deployment-59c5b6cb76-6mnb8
13.7,True,face-recognition-5-deployment-59c5b6cb76-6mnb8
26.76,True,face-recognition-5-deployment-59c5b6cb76-6mnb8
26.76,True,face-recognition-5-deployment-59c5b6cb76-6mnb8
26.76,True,face-recognition-5-deployment-59c5b6cb76-6mnb8
26.76,True,face-recognition-5-deployment-59c5b6cb76-6mnb8
26.76,True,face-recognition-5-deployment-59c5b6cb76-6mnb8
26.76,True,face-recognition-5-deployment-59c5b6cb76-6mnb8
26.76,True,face-recognition-5-deployment-59c5b6cb76-6mnb8
26.76,True,face-recognition-5-deployment-59c5b6cb76-6mnb8
26.76,True,face-recognition-5-deployment-59c5b6cb76-6mnb8
26.76,True,face-recognition-5-deployment-59c5b6cb76-6mnb8
26.76,True,face-recognition-5-deployment-59c5b6cb76-6mnb8
26.76,True,face-recognition-5-deployment-59c5b6cb76-6mnb8
26.76,True,face-recognition-5-deployment-59c5b6cb76-6mnb8
26.76,True,face-recognition-5-deployment-59c5b6cb76-6mnb8
26.76,True,face-recognition-5-deployment-59c5b6cb76-6mnb8
26.76,True,face-recognition-5-deployment-59c5b6cb76-6mnb8
26.76,True,face-recognition-5-deployment-59c5b6cb76-6mnb8
26.76,True,face-recognition-5-deployment-59c5b6cb76-6mnb8
26.76,True,face-recognition-5-deployment-59c5b6cb76-6mnb8
26.76,True,face-recognition-5-deployment-59c5b6cb76-6mnb8
26.76,True,face-recognition-5-deployment-59c5b6cb76-6mnb8
26.76,True,face-recognition-5-deployment-59c5b6cb76-6mnb8
26.76,True,face-recognition-5-deployment-59c5b6cb76-6mnb8
26.76,True,face-recognition-5-deployment-59c5b6cb76-6mnb8
26.76,True,face-recognition-5-deployment-59c5b6cb76-6mnb8
26.76,True,face-recognition-5-deployment-59c5b6cb76-6mnb8
26.76,True,face-recognition-5-deployment-59c5b6cb76-6mnb8
26.76,True,face-recognition-5-deployment-59c5b6cb76-6mnb8
26.76,True,face-recognition-5-deployment-59c5b6cb76-6mnb8
26.76,True,face-recognition-5-deployment-59c5b6cb76-6mnb8
26.76,True,face-recognition-5-deployment-59c5b6cb76-6mnb8
26.76,True,face-recognition-5-deployment-59c5b6cb76-6mnb8
26.76,True,face-recognition-5-deployment-59c5b6cb76-6mnb8
26.76,True,face-recognition-5-deployment-59c5b6cb76-6mnb8
26.76,True,face-recognition-5-deployment-59c5b6cb76-6mnb8
26.76,True,face-recognition-5-deployment-59c5b6cb76-6mnb8
26.76,True,face-recognition-5-deployment-59c5b6cb76-6mnb8
26.76,True,face-recognition-5-deployment-59c5b6cb76-6mnb8
37.63,True,face-recognition-5-deployment-59c5b6cb76-6mnb8
37.63,True,face-recognition-5-deployment-59c5b6cb76-6mnb8
37.63,True,face-recognition-5-deployment-59c5b6cb76-6mnb8
37.63,True,face-recognition-5-deployment-59c5b6cb76-6mnb8
37.63,True,face-recognition-5-deployment-59c5b6cb76-6mnb8
37.63,True,face-recognition-5-deployment-59c5b6cb76-6mnb8
37.63,True,face-recognition-5-deployment-59c5b6cb76-6mnb8
37.63,True,face-recognition-5-deployment-59c5b6cb76-6mnb8
37.63,True,face-recognition-5-deployment-59c5b6cb76-6mnb8
37.63,True,face-recognition-5-deployment-59c5b6cb76-6mnb8
37.63,True,face-recognition-5-deployment-59c5b6cb76-6mnb8
37.63,True,face-recognition-5-deployment-59c5b6cb76-6mnb8
37.63,True,face-recognition-5-deployment-59c5b6cb76-6mnb8
37.63,True,face-recognition-5-deployment-59c5b6cb76-6mnb8
37.63,True,face-recognition-5-deployment-59c5b6cb76-6mnb8
37.63,True,face-recognition-5-deployment-59c5b6cb76-6mnb8
37.63,True,face-recognition-5-deployment-59c5b6cb76-6mnb8
37.63,True,face-recognition-5-deployment-59c5b6cb76-6mnb8
37.63,True,face-recognition-5-deployment-59c5b6cb76-6mnb8
37.63,True,face-recognition-5-deployment-59c5b6cb76-6mnb8
37.63,True,face-recognition-5-deployment-59c5b6cb76-6mnb8
37.63,True,face-recognition-5-deployment-59c5b6cb76-6mnb8
20.4,True,face-recognition-5-deployment-59c5b6cb76-6mnb8
20.4,True,face-recognition-5-deployment-59c5b6cb76-6mnb8
20.4,True,face-recognition-5-deployment-59c5b6cb76-6mnb8
20.4,True,face-recognition-5-deployment-59c5b6cb76-6mnb8
20.4,True,face-recognition-5-deployment-59c5b6cb76-6mnb8
20.4,True,face-recognition-5-deployment-59c5b6cb76-6mnb8
20.4,True,face-recognition-5-deployment-59c5b6cb76-6mnb8
20.4,True,face-recognition-5-deployment-59c5b6cb76-6mnb8
20.4,True,face-recognition-5-deployment-59c5b6cb76-6mnb8
20.4,True,face-recognition-5-deployment-59c5b6cb76-6mnb8
20.4,True,face-recognition-5-deployment-59c5b6cb76-6mnb8
20.4,True,face-recognition-5-deployment-59c5b6cb76-6mnb8
20.4,True,face-recognition-5-deployment-59c5b6cb76-6mnb8
20.4,True,face-recognition-5-deployment-59c5b6cb76-6mnb8
20.4,True,face-recognition-5-deployment-59c5b6cb76-6mnb8
20.4,True,face-recognition-5-deployment-59c5b6cb76-6mnb8
20.4,True,face-recognition-5-deployment-59c5b6cb76-6mnb8
20.4,True,face-recognition-5-deployment-59c5b6cb76-6mnb8
20.4,True,face-recognition-5-deployment-59c5b6cb76-6mnb8
20.4,True,face-recognition-5-deployment-59c5b6cb76-6mnb8
20.4,True,face-recognition-5-deployment-59c5b6cb76-6mnb8
20.4,True,face-recognition-5-deployment-59c5b6cb76-6mnb8
20.4,True,face-recognition-5-deployment-59c5b6cb76-6mnb8
20.4,True,face-recognition-5-deployment-59c5b6cb76-6mnb8
20.4,True,face-recognition-5-deployment-59c5b6cb76-6mnb8
20.4,True,face-recognition-5-deployment-59c5b6cb76-6mnb8
20.4,True,face-recognition-5-deployment-59c5b6cb76-6mnb8
20.4,True,face-recognition-5-deployment-59c5b6cb76-6mnb8
20.4,True,face-recognition-5-deployment-59c5b6cb76-6mnb8
20.4,True,face-recognition-5-deployment-59c5b6cb76-6mnb8
20.4,True,face-recognition-5-deployment-59c5b6cb76-6mnb8
20.4,True,face-recognition-5-deployment-59c5b6cb76-6mnb8
20.4,True,face-recognition-5-deployment-59c5b6cb76-6mnb8
20.4,True,face-recognition-5-deployment-59c5b6cb76-6mnb8
31.53,True,face-recognition-5-deployment-59c5b6cb76-6mnb8
31.53,True,face-recognition-5-deployment-59c5b6cb76-6mnb8
31.53,True,face-recognition-5-deployment-59c5b6cb76-6mnb8
31.53,True,face-recognition-5-deployment-59c5b6cb76-6mnb8
31.53,True,face-recognition-5-deployment-59c5b6cb76-6mnb8
31.53,True,face-recognition-5-deployment-59c5b6cb76-6mnb8
31.53,True,face-recognition-5-deployment-59c5b6cb76-6mnb8
31.53,True,face-recognition-5-deployment-59c5b6cb76-6mnb8
31.53,True,face-recognition-5-deployment-59c5b6cb76-6mnb8
31.53,True,face-recognition-5-deployment-59c5b6cb76-6mnb8
31.53,True,face-recognition-5-deployment-59c5b6cb76-6mnb8
31.53,True,face-recognition-5-deployment-59c5b6cb76-6mnb8
31.53,True,face-recognition-5-deployment-59c5b6cb76-6mnb8
31.53,True,face-recognition-5-deployment-59c5b6cb76-6mnb8
31.53,True,face-recognition-5-deployment-59c5b6cb76-6mnb8
31.53,True,face-recognition-5-deployment-59c5b6cb76-6mnb8
31.53,True,face-recognition-5-deployment-59c5b6cb76-6mnb8
31.53,True,face-recognition-5-deployment-59c5b6cb76-6mnb8
31.53,True,face-recognition-5-deployment-59c5b6cb76-6mnb8
31.53,True,face-recognition-5-deployment-59c5b6cb76-6mnb8
31.53,True,face-recognition-5-deployment-59c5b6cb76-6mnb8
31.53,True,face-recognition-5-deployment-59c5b6cb76-6mnb8
31.53,True,face-recognition-5-deployment-59c5b6cb76-6mnb8
31.53,True,face-recognition-5-deployment-59c5b6cb76-6mnb8
31.53,True,face-recognition-5-deployment-59c5b6cb76-6mnb8
31.53,True,face-recognition-5-deployment-59c5b6cb76-6mnb8
31.53,True,face-recognition-5-deployment-59c5b6cb76-6mnb8
31.53,True,face-recognition-5-deployment-59c5b6cb76-6mnb8
31.53,True,face-recognition-5-deployment-59c5b6cb76-6mnb8
31.53,True,face-recognition-5-deployment-59c5b6cb76-6mnb8
31.53,True,face-recognition-5-deployment-59c5b6cb76-6mnb8
31.53,True,face-recognition-5-deployment-59c5b6cb76-6mnb8
31.53,True,face-recognition-5-deployment-59c5b6cb76-6mnb8
31.53,True,face-recognition-5-deployment-59c5b6cb76-6mnb8
31.53,True,face-recognition-5-deployment-59c5b6cb76-6mnb8
31.53,True,face-recognition-5-deployment-59c5b6cb76-6mnb8
31.53,True,face-recognition-5-deployment-59c5b6cb76-6mnb8
31.53,True,face-recognition-5-deployment-59c5b6cb76-6mnb8
31.53,True,face-recognition-5-deployment-59c5b6cb76-6mnb8
31.53,True,face-recognition-5-deployment-59c5b6cb76-6mnb8
31.53,True,face-recognition-5-deployment-59c5b6cb76-6mnb8
31.53,True,face-recognition-5-deployment-59c5b6cb76-6mnb8
31.53,True,face-recognition-5-deployment-59c5b6cb76-6mnb8
31.53,True,face-recognition-5-deployment-59c5b6cb76-6mnb8
40.47,True,face-recognition-5-deployment-59c5b6cb76-6mnb8
40.47,True,face-recognition-5-deployment-59c5b6cb76-6mnb8
40.47,True,face-recognition-5-deployment-59c5b6cb76-6mnb8
40.47,True,face-recognition-5-deployment-59c5b6cb76-6mnb8
40.47,True,face-recognition-5-deployment-59c5b6cb76-6mnb8
40.47,True,face-recognition-5-deployment-59c5b6cb76-6mnb8
40.47,True,face-recognition-5-deployment-59c5b6cb76-6mnb8
40.47,True,face-recognition-5-deployment-59c5b6cb76-6mnb8
40.47,True,face-recognition-5-deployment-59c5b6cb76-6mnb8
40.47,True,face-recognition-5-deployment-59c5b6cb76-6mnb8
40.47,True,face-recognition-5-deployment-59c5b6cb76-6mnb8
40.47,True,face-recognition-5-deployment-59c5b6cb76-6mnb8
40.47,True,face-recognition-5-deployment-59c5b6cb76-6mnb8
40.47,True,face-recognition-5-deployment-59c5b6cb76-6mnb8
40.47,True,face-recognition-5-deployment-59c5b6cb76-6mnb8
40.47,True,face-recognition-5-deployment-59c5b6cb76-6mnb8
40.47,True,face-recognition-5-deployment-59c5b6cb76-6mnb8
40.47,True,face-recognition-5-deployment-59c5b6cb76-6mnb8
17.27,True,face-recognition-5-deployment-59c5b6cb76-6mnb8
17.27,True,face-recognition-5-deployment-59c5b6cb76-6mnb8
17.27,True,face-recognition-5-deployment-59c5b6cb76-6mnb8
17.27,True,face-recognition-5-deployment-59c5b6cb76-6mnb8
17.27,True,face-recognition-5-deployment-59c5b6cb76-6mnb8
17.27,True,face-recognition-5-deployment-59c5b6cb76-6mnb8
17.27,True,face-recognition-5-deployment-59c5b6cb76-6mnb8
17.27,True,face-recognition-5-deployment-59c5b6cb76-6mnb8
17.27,True,face-recognition-5-deployment-59c5b6cb76-6mnb8
17.27,True,face-recognition-5-deployment-59c5b6cb76-6mnb8
17.27,True,face-recognition-5-deployment-59c5b6cb76-6mnb8
17.27,True,face-recognition-5-deployment-59c5b6cb76-6mnb8
17.27,True,face-recognition-5-deployment-59c5b6cb76-6mnb8
17.27,True,face-recognition-5-deployment-59c5b6cb76-6mnb8
17.27,True,face-recognition-5-deployment-59c5b6cb76-6mnb8
17.27,True,face-recognition-5-deployment-59c5b6cb76-6mnb8
17.27,True,face-recognition-5-deployment-59c5b6cb76-6mnb8
17.27,True,face-recognition-5-deployment-59c5b6cb76-6mnb8
17.27,True,face-recognition-5-deployment-59c5b6cb76-6mnb8
17.27,True,face-recognition-5-deployment-59c5b6cb76-6mnb8
17.27,True,face-recognition-5-deployment-59c5b6cb76-6mnb8
17.27,True,face-recognition-5-deployment-59c5b6cb76-6mnb8
17.27,True,face-recognition-5-deployment-59c5b6cb76-6mnb8
17.27,True,face-recognition-5-deployment-59c5b6cb76-6mnb8
17.27,True,face-recognition-5-deployment-59c5b6cb76-6mnb8
17.27,True,face-recognition-5-deployment-59c5b6cb76-6mnb8
17.27,True,face-recognition-5-deployment-59c5b6cb76-6mnb8
17.27,True,face-recognition-5-deployment-59c5b6cb76-6mnb8
27.17,True,face-recognition-5-deployment-59c5b6cb76-6mnb8
27.17,True,face-recognition-5-deployment-59c5b6cb76-6mnb8
27.17,True,face-recognition-5-deployment-59c5b6cb76-6mnb8
27.17,True,face-recognition-5-deployment-59c5b6cb76-6mnb8
27.17,True,face-recognition-5-deployment-59c5b6cb76-6mnb8
27.17,True,face-recognition-5-deployment-59c5b6cb76-6mnb8
27.17,True,face-recognition-5-deployment-59c5b6cb76-6mnb8
27.17,True,face-recognition-5-deployment-59c5b6cb76-6mnb8
27.17,True,face-recognition-5-deployment-59c5b6cb76-6mnb8
27.17,True,face-recognition-5-deployment-59c5b6cb76-6mnb8
27.17,True,face-recognition-5-deployment-59c5b6cb76-6mnb8
27.17,True,face-recognition-5-deployment-59c5b6cb76-6mnb8
27.17,True,face-recognition-5-deployment-59c5b6cb76-6mnb8
27.17,True,face-recognition-5-deployment-59c5b6cb76-6mnb8
27.17,True,face-recognition-5-deployment-59c5b6cb76-6mnb8
27.17,True,face-recognition-5-deployment-59c5b6cb76-6mnb8
27.17,True,face-recognition-5-deployment-59c5b6cb76-6mnb8
27.17,True,face-recognition-5-deployment-59c5b6cb76-6mnb8
27.17,True,face-recognition-5-deployment-59c5b6cb76-6mnb8
27.17,True,face-recognition-5-deployment-59c5b6cb76-6mnb8
27.17,True,face-recognition-5-deployment-59c5b6cb76-6mnb8
27.17,True,face-recognition-5-deployment-59c5b6cb76-6mnb8
27.17,True,face-recognition-5-deployment-59c5b6cb76-6mnb8
27.17,True,face-recognition-5-deployment-59c5b6cb76-6mnb8
27.17,True,face-recognition-5-deployment-59c5b6cb76-6mnb8
27.17,True,face-recognition-5-deployment-59c5b6cb76-6mnb8
27.17,True,face-recognition-5-deployment-59c5b6cb76-6mnb8
27.17,True,face-recognition-5-deployment-59c5b6cb76-6mnb8
26.41,True,face-recognition-5-deployment-59c5b6cb76-6mnb8
26.41,True,face-recognition-5-deployment-59c5b6cb76-6mnb8
26.41,True,face-recognition-5-deployment-59c5b6cb76-6mnb8
26.41,True,face-recognition-5-deployment-59c5b6cb76-6mnb8
26.41,True,face-recognition-5-deployment-59c5b6cb76-6mnb8
26.41,True,face-recognition-5-deployment-59c5b6cb76-6mnb8
26.41,True,face-recognition-5-deployment-59c5b6cb76-6mnb8
26.41,True,face-recognition-5-deployment-59c5b6cb76-6mnb8
26.41,True,face-recognition-5-deployment-59c5b6cb76-6mnb8
26.41,True,face-recognition-5-deployment-59c5b6cb76-6mnb8
26.41,True,face-recognition-5-deployment-59c5b6cb76-6mnb8
26.41,True,face-recognition-5-deployment-59c5b6cb76-6mnb8
26.41,True,face-recognition-5-deployment-59c5b6cb76-6mnb8
26.41,True,face-recognition-5-deployment-59c5b6cb76-6mnb8
26.41,True,face-recognition-5-deployment-59c5b6cb76-6mnb8
26.41,True,face-recognition-5-deployment-59c5b6cb76-6mnb8
26.41,True,face-recognition-5-deployment-59c5b6cb76-6mnb8
26.41,True,face-recognition-5-deployment-59c5b6cb76-6mnb8
26.41,True,face-recognition-5-deployment-59c5b6cb76-6mnb8
26.41,True,face-recognition-5-deployment-59c5b6cb76-6mnb8
26.41,True,face-recognition-5-deployment-59c5b6cb76-6mnb8
26.41,True,face-recognition-5-deployment-59c5b6cb76-6mnb8
26.41,True,face-recognition-5-deployment-59c5b6cb76-6mnb8
26.41,True,face-recognition-5-deployment-59c5b6cb76-6mnb8
26.41,True,face-recognition-5-deployment-59c5b6cb76-6mnb8
26.41,True,face-recognition-5-deployment-59c5b6cb76-6mnb8
26.41,True,face-recognition-5-deployment-59c5b6cb76-6mnb8
26.41,True,face-recognition-5-deployment-59c5b6cb76-6mnb8
26.41,True,face-recognition-5-deployment-59c5b6cb76-6mnb8
26.41,True,face-recognition-5-deployment-59c5b6cb76-6mnb8
26.41,True,face-recognition-5-deployment-59c5b6cb76-6mnb8
26.41,True,face-recognition-5-deployment-59c5b6cb76-6mnb8
26.41,True,face-recognition-5-deployment-59c5b6cb76-6mnb8
26.41,True,face-recognition-5-deployment-59c5b6cb76-6mnb8
26.41,True,face-recognition-5-deployment-59c5b6cb76-6mnb8
26.41,True,face-recognition-5-deployment-59c5b6cb76-6mnb8
26.41,True,face-recognition-5-deployment-59c5b6cb76-6mnb8
26.41,True,face-recognition-5-deployment-59c5b6cb76-6mnb8
26.41,True,face-recognition-5-deployment-59c5b6cb76-6mnb8
26.41,True,face-recognition-5-deployment-59c5b6cb76-6mnb8
26.41,True,face-recognition-5-deployment-59c5b6cb76-6mnb8
26.41,True,face-recognition-5-deployment-59c5b6cb76-6mnb8
26.41,True,face-recognition-5-deployment-59c5b6cb76-6mnb8
26.41,True,face-recognition-5-deployment-59c5b6cb76-6mnb8
26.41,True,face-recognition-5-deployment-59c5b6cb76-6mnb8
26.41,True,face-recognition-5-deployment-59c5b6cb76-6mnb8
26.41,True,face-recognition-5-deployment-59c5b6cb76-6mnb8
26.41,True,face-recognition-5-deployment-59c5b6cb76-6mnb8
47.24,True,face-recognition-5-deployment-59c5b6cb76-6mnb8
47.24,True,face-recognition-5-deployment-59c5b6cb76-6mnb8
47.24,True,face-recognition-5-deployment-59c5b6cb76-6mnb8
47.24,True,face-recognition-5-deployment-59c5b6cb76-6mnb8
47.24,True,face-recognition-5-deployment-59c5b6cb76-6mnb8
47.24,True,face-recognition-5-deployment-59c5b6cb76-6mnb8
47.24,True,face-recognition-5-deployment-59c5b6cb76-6mnb8
47.24,True,face-recognition-5-deployment-59c5b6cb76-6mnb8
47.24,True,face-recognition-5-deployment-59c5b6cb76-6mnb8
47.24,True,face-recognition-5-deployment-59c5b6cb76-6mnb8
47.24,True,face-recognition-5-deployment-59c5b6cb76-6mnb8
47.24,True,face-recognition-5-deployment-59c5b6cb76-6mnb8
47.24,True,face-recognition-5-deployment-59c5b6cb76-6mnb8
47.24,True,face-recognition-5-deployment-59c5b6cb76-6mnb8
47.24,True,face-recognition-5-deployment-59c5b6cb76-6mnb8
47.24,True,face-recognition-5-deployment-59c5b6cb76-6mnb8
47.24,True,face-recognition-5-deployment-59c5b6cb76-6mnb8
47.24,True,face-recognition-5-deployment-59c5b6cb76-6mnb8
47.24,True,face-recognition-5-deployment-59c5b6cb76-6mnb8
47.24,True,face-recognition-5-deployment-59c5b6cb76-6mnb8
47.24,True,face-recognition-5-deployment-59c5b6cb76-6mnb8
47.24,True,face-recognition-5-deployment-59c5b6cb76-6mnb8
47.24,True,face-recognition-5-deployment-59c5b6cb76-6mnb8
47.24,True,face-recognition-5-deployment-59c5b6cb76-6mnb8
47.24,True,face-recognition-5-deployment-59c5b6cb76-6mnb8
47.24,True,face-recognition-5-deployment-59c5b6cb76-6mnb8
47.24,True,face-recognition-5-deployment-59c5b6cb76-6mnb8
47.24,True,face-recognition-5-deployment-59c5b6cb76-6mnb8
27.73,True,face-recognition-5-deployment-59c5b6cb76-6mnb8
27.73,True,face-recognition-5-deployment-59c5b6cb76-6mnb8
27.73,True,face-recognition-5-deployment-59c5b6cb76-6mnb8
27.73,True,face-recognition-5-deployment-59c5b6cb76-6mnb8
27.73,True,face-recognition-5-deployment-59c5b6cb76-6mnb8
27.73,True,face-recognition-5-deployment-59c5b6cb76-6mnb8
27.73,True,face-recognition-5-deployment-59c5b6cb76-6mnb8
27.73,True,face-recognition-5-deployment-59c5b6cb76-6mnb8
27.73,True,face-recognition-5-deployment-59c5b6cb76-6mnb8
27.73,True,face-recognition-5-deployment-59c5b6cb76-6mnb8
27.73,True,face-recognition-5-deployment-59c5b6cb76-6mnb8
27.73,True,face-recognition-5-deployment-59c5b6cb76-6mnb8
27.73,True,face-recognition-5-deployment-59c5b6cb76-6mnb8
27.73,True,face-recognition-5-deployment-59c5b6cb76-6mnb8
27.73,True,face-recognition-5-deployment-59c5b6cb76-6mnb8
27.73,True,face-recognition-5-deployment-59c5b6cb76-6mnb8
27.73,True,face-recognition-5-deployment-59c5b6cb76-6mnb8
27.73,True,face-recognition-5-deployment-59c5b6cb76-6mnb8
27.73,True,face-recognition-5-deployment-59c5b6cb76-6mnb8
27.73,True,face-recognition-5-deployment-59c5b6cb76-6mnb8
27.73,True,face-recognition-5-deployment-59c5b6cb76-6mnb8
27.73,True,face-recognition-5-deployment-59c5b6cb76-6mnb8
27.73,True,face-recognition-5-deployment-59c5b6cb76-6mnb8
27.73,True,face-recognition-5-deployment-59c5b6cb76-6mnb8
27.73,True,face-recognition-5-deployment-59c5b6cb76-6mnb8
27.73,True,face-recognition-5-deployment-59c5b6cb76-6mnb8
27.73,True,face-recognition-5-deployment-59c5b6cb76-6mnb8
27.73,True,face-recognition-5-deployment-59c5b6cb76-6mnb8
27.73,True,face-recognition-5-deployment-59c5b6cb76-6mnb8
27.73,True,face-recognition-5-deployment-59c5b6cb76-6mnb8
27.73,True,face-recognition-5-deployment-59c5b6cb76-6mnb8
30.75,True,face-recognition-5-deployment-59c5b6cb76-6mnb8
30.75,True,face-recognition-5-deployment-59c5b6cb76-6mnb8
30.75,True,face-recognition-5-deployment-59c5b6cb76-6mnb8
30.75,True,face-recognition-5-deployment-59c5b6cb76-6mnb8
30.75,True,face-recognition-5-deployment-59c5b6cb76-6mnb8
30.75,True,face-recognition-5-deployment-59c5b6cb76-6mnb8
30.75,True,face-recognition-5-deployment-59c5b6cb76-6mnb8
5.09,True,face-recognition-5-deployment-59c5b6cb76-6mnb8
5.09,True,face-recognition-5-deployment-59c5b6cb76-6mnb8
5.09,True,face-recognition-5-deployment-59c5b6cb76-6mnb8
5.09,True,face-recognition-5-deployment-59c5b6cb76-6mnb8
5.09,True,face-recognition-5-deployment-59c5b6cb76-6mnb8
5.09,True,face-recognition-5-deployment-59c5b6cb76-6mnb8
5.09,True,face-recognition-5-deployment-59c5b6cb76-6mnb8
5.09,True,face-recognition-5-deployment-59c5b6cb76-6mnb8
5.09,True,face-recognition-5-deployment-59c5b6cb76-6mnb8
5.09,True,face-recognition-5-deployment-59c5b6cb76-6mnb8
5.09,True,face-recognition-5-deployment-59c5b6cb76-6mnb8
5.09,True,face-recognition-5-deployment-59c5b6cb76-6mnb8
5.09,True,face-recognition-5-deployment-59c5b6cb76-6mnb8
5.09,True,face-recognition-5-deployment-59c5b6cb76-6mnb8
5.09,True,face-recognition-5-deployment-59c5b6cb76-6mnb8
5.09,True,face-recognition-5-deployment-59c5b6cb76-6mnb8
5.09,True,face-recognition-5-deployment-59c5b6cb76-6mnb8
5.09,True,face-recognition-5-deployment-59c5b6cb76-6mnb8
5.09,True,face-recognition-5-deployment-59c5b6cb76-6mnb8
5.09,True,face-recognition-5-deployment-59c5b6cb76-6mnb8
5.09,True,face-recognition-5-deployment-59c5b6cb76-6mnb8
5.09,True,face-recognition-5-deployment-59c5b6cb76-6mnb8
5.09,True,face-recognition-5-deployment-59c5b6cb76-6mnb8
5.09,True,face-recognition-5-deployment-59c5b6cb76-6mnb8
5.09,True,face-recognition-5-deployment-59c5b6cb76-6mnb8
5.09,True,face-recognition-5-deployment-59c5b6cb76-6mnb8
24.69,True,face-recognition-5-deployment-59c5b6cb76-6mnb8
24.69,True,face-recognition-5-deployment-59c5b6cb76-6mnb8
24.69,True,face-recognition-5-deployment-59c5b6cb76-6mnb8
24.69,True,face-recognition-5-deployment-59c5b6cb76-6mnb8
24.69,True,face-recognition-5-deployment-59c5b6cb76-6mnb8
24.69,True,face-recognition-5-deployment-59c5b6cb76-6mnb8
24.69,True,face-recognition-5-deployment-59c5b6cb76-6mnb8
24.69,True,face-recognition-5-deployment-59c5b6cb76-6mnb8
24.69,True,face-recognition-5-deployment-59c5b6cb76-6mnb8
24.69,True,face-recognition-5-deployment-59c5b6cb76-6mnb8
24.69,True,face-recognition-5-deployment-59c5b6cb76-6mnb8
24.69,True,face-recognition-5-deployment-59c5b6cb76-6mnb8
24.69,True,face-recognition-5-deployment-59c5b6cb76-6mnb8
24.69,True,face-recognition-5-deployment-59c5b6cb76-6mnb8
24.69,True,face-recognition-5-deployment-59c5b6cb76-6mnb8
24.69,True,face-recognition-5-deployment-59c5b6cb76-6mnb8
24.69,True,face-recognition-5-deployment-59c5b6cb76-6mnb8
24.69,True,face-recognition-5-deployment-59c5b6cb76-6mnb8
24.69,True,face-recognition-5-deployment-59c5b6cb76-6mnb8
24.69,True,face-recognition-5-deployment-59c5b6cb76-6mnb8
24.69,True,face-recognition-5-deployment-59c5b6cb76-6mnb8
24.69,True,face-recognition-5-deployment-59c5b6cb76-6mnb8
24.69,True,face-recognition-5-deployment-59c5b6cb76-6mnb8
24.69,True,face-recognition-5-deployment-59c5b6cb76-6mnb8
22.61,True,face-recognition-5-deployment-59c5b6cb76-6mnb8
22.61,True,face-recognition-5-deployment-59c5b6cb76-6mnb8
22.61,True,face-recognition-5-deployment-59c5b6cb76-6mnb8
22.61,True,face-recognition-5-deployment-59c5b6cb76-6mnb8
22.61,True,face-recognition-5-deployment-59c5b6cb76-6mnb8
22.61,True,face-recognition-5-deployment-59c5b6cb76-6mnb8
22.61,True,face-recognition-5-deployment-59c5b6cb76-6mnb8
22.61,True,face-recognition-5-deployment-59c5b6cb76-6mnb8
22.61,True,face-recognition-5-deployment-59c5b6cb76-6mnb8
22.61,True,face-recognition-5-deployment-59c5b6cb76-6mnb8
22.61,True,face-recognition-5-deployment-59c5b6cb76-6mnb8
22.61,True,face-recognition-5-deployment-59c5b6cb76-6mnb8
22.61,True,face-recognition-5-deployment-59c5b6cb76-6mnb8
22.61,True,face-recognition-5-deployment-59c5b6cb76-6mnb8
22.61,True,face-recognition-5-deployment-59c5b6cb76-6mnb8
22.61,True,face-recognition-5-deployment-59c5b6cb76-6mnb8
22.61,True,face-recognition-5-deployment-59c5b6cb76-6mnb8
22.61,True,face-recognition-5-deployment-59c5b6cb76-6mnb8
22.61,True,face-recognition-5-deployment-59c5b6cb76-6mnb8
22.61,True,face-recognition-5-deployment-59c5b6cb76-6mnb8
22.61,True,face-recognition-5-deployment-59c5b6cb76-6mnb8
22.61,True,face-recognition-5-deployment-59c5b6cb76-6mnb8
22.61,True,face-recognition-5-deployment-59c5b6cb76-6mnb8
22.61,True,face-recognition-5-deployment-59c5b6cb76-6mnb8
22.61,True,face-recognition-5-deployment-59c5b6cb76-6mnb8
22.61,True,face-recognition-5-deployment-59c5b6cb76-6mnb8
22.61,True,face-recognition-5-deployment-59c5b6cb76-6mnb8
22.61,True,face-recognition-5-deployment-59c5b6cb76-6mnb8
22.61,True,face-recognition-5-deployment-59c5b6cb76-6mnb8
22.61,True,face-recognition-5-deployment-59c5b6cb76-6mnb8
22.61,True,face-recognition-5-deployment-59c5b6cb76-6mnb8
22.61,True,face-recognition-5-deployment-59c5b6cb76-6mnb8
22.61,True,face-recognition-5-deployment-59c5b6cb76-6mnb8
22.61,True,face-recognition-5-deployment-59c5b6cb76-6mnb8
22.61,True,face-recognition-5-deployment-59c5b6cb76-6mnb8
22.61,True,face-recognition-5-deployment-59c5b6cb76-6mnb8
22.61,True,face-recognition-5-deployment-59c5b6cb76-6mnb8
22.61,True,face-recognition-5-deployment-59c5b6cb76-6mnb8
22.61,True,face-recognition-5-deployment-59c5b6cb76-6mnb8
22.61,True,face-recognition-5-deployment-59c5b6cb76-6mnb8
22.61,True,face-recognition-5-deployment-59c5b6cb76-6mnb8
22.61,True,face-recognition-5-deployment-59c5b6cb76-6mnb8
39.78,True,face-recognition-5-deployment-59c5b6cb76-6mnb8
39.78,True,face-recognition-5-deployment-59c5b6cb76-6mnb8
39.78,True,face-recognition-5-deployment-59c5b6cb76-6mnb8
39.78,True,face-recognition-5-deployment-59c5b6cb76-6mnb8
39.78,True,face-recognition-5-deployment-59c5b6cb76-6mnb8
39.78,True,face-recognition-5-deployment-59c5b6cb76-6mnb8
39.78,True,face-recognition-5-deployment-59c5b6cb76-6mnb8
39.78,True,face-recognition-5-deployment-59c5b6cb76-6mnb8
39.78,True,face-recognition-5-deployment-59c5b6cb76-6mnb8
39.78,True,face-recognition-5-deployment-59c5b6cb76-6mnb8
39.78,True,face-recognition-5-deployment-59c5b6cb76-6mnb8
39.78,True,face-recognition-5-deployment-59c5b6cb76-6mnb8
39.78,True,face-recognition-5-deployment-59c5b6cb76-6mnb8
39.78,True,face-recognition-5-deployment-59c5b6cb76-6mnb8
39.78,True,face-recognition-5-deployment-59c5b6cb76-6mnb8
39.78,True,face-recognition-5-deployment-59c5b6cb76-6mnb8
39.78,True,face-recognition-5-deployment-59c5b6cb76-6mnb8
39.78,True,face-recognition-5-deployment-59c5b6cb76-6mnb8
39.78,True,face-recognition-5-deployment-59c5b6cb76-6mnb8
39.78,True,face-recognition-5-deployment-59c5b6cb76-6mnb8
39.78,True,face-recognition-5-deployment-59c5b6cb76-6mnb8
39.78,True,face-recognition-5-deployment-59c5b6cb76-6mnb8
39.78,True,face-recognition-5-deployment-59c5b6cb76-6mnb8
39.78,True,face-recognition-5-deployment-59c5b6cb76-6mnb8
39.78,True,face-recognition-5-deployment-59c5b6cb76-6mnb8
39.78,True,face-recognition-5-deployment-59c5b6cb76-6mnb8
39.78,True,face-recognition-5-deployment-59c5b6cb76-6mnb8
39.78,True,face-recognition-5-deployment-59c5b6cb76-6mnb8
39.78,True,face-recognition-5-deployment-59c5b6cb76-6mnb8
39.78,True,face-recognition-5-deployment-59c5b6cb76-6mnb8
39.78,True,face-recognition-5-deployment-59c5b6cb76-6mnb8
39.78,True,face-recognition-5-deployment-59c5b6cb76-6mnb8
39.78,True,face-recognition-5-deployment-59c5b6cb76-6mnb8
39.78,True,face-recognition-5-deployment-59c5b6cb76-6mnb8
39.78,True,face-recognition-5-deployment-59c5b6cb76-6mnb8
39.78,True,face-recognition-5-deployment-59c5b6cb76-6mnb8
35.9,True,face-recognition-5-deployment-59c5b6cb76-6mnb8
35.9,True,face-recognition-5-deployment-59c5b6cb76-6mnb8
35.9,True,face-recognition-5-deployment-59c5b6cb76-6mnb8
35.9,True,face-recognition-5-deployment-59c5b6cb76-6mnb8
35.9,True,face-recognition-5-deployment-59c5b6cb76-6mnb8
35.9,True,face-recognition-5-deployment-59c5b6cb76-6mnb8
35.9,True,face-recognition-5-deployment-59c5b6cb76-6mnb8
35.9,True,face-recognition-5-deployment-59c5b6cb76-6mnb8
35.9,True,face-recognition-5-deployment-59c5b6cb76-6mnb8
35.9,True,face-recognition-5-deployment-59c5b6cb76-6mnb8
35.9,True,face-recognition-5-deployment-59c5b6cb76-6mnb8
35.9,True,face-recognition-5-deployment-59c5b6cb76-6mnb8
35.9,True,face-recognition-5-deployment-59c5b6cb76-6mnb8
35.9,True,face-recognition-5-deployment-59c5b6cb76-6mnb8
35.9,True,face-recognition-5-deployment-59c5b6cb76-6mnb8
35.9,True,face-recognition-5-deployment-59c5b6cb76-6mnb8
35.9,True,face-recognition-5-deployment-59c5b6cb76-6mnb8
35.9,True,face-recognition-5-deployment-59c5b6cb76-6mnb8
35.9,True,face-recognition-5-deployment-59c5b6cb76-6mnb8
35.9,True,face-recognition-5-deployment-59c5b6cb76-6mnb8
18.84,True,face-recognition-5-deployment-59c5b6cb76-6mnb8
18.84,True,face-recognition-5-deployment-59c5b6cb76-6mnb8
18.84,True,face-recognition-5-deployment-59c5b6cb76-6mnb8
18.84,True,face-recognition-5-deployment-59c5b6cb76-6mnb8
18.84,True,face-recognition-5-deployment-59c5b6cb76-6mnb8
18.84,True,face-recognition-5-deployment-59c5b6cb76-6mnb8
18.84,True,face-recognition-5-deployment-59c5b6cb76-6mnb8
18.84,True,face-recognition-5-deployment-59c5b6cb76-6mnb8
18.84,True,face-recognition-5-deployment-59c5b6cb76-6mnb8
18.84,True,face-recognition-5-deployment-59c5b6cb76-6mnb8
18.84,True,face-recognition-5-deployment-59c5b6cb76-6mnb8
18.84,True,face-recognition-5-deployment-59c5b6cb76-6mnb8
18.84,True,face-recognition-5-deployment-59c5b6cb76-6mnb8
18.84,True,face-recognition-5-deployment-59c5b6cb76-6mnb8
18.84,True,face-recognition-5-deployment-59c5b6cb76-6mnb8
18.84,True,face-recognition-5-deployment-59c5b6cb76-6mnb8
18.84,True,face-recognition-5-deployment-59c5b6cb76-6mnb8
18.84,True,face-recognition-5-deployment-59c5b6cb76-6mnb8
18.84,True,face-recognition-5-deployment-59c5b6cb76-6mnb8
18.84,True,face-recognition-5-deployment-59c5b6cb76-6mnb8
18.84,True,face-recognition-5-deployment-59c5b6cb76-6mnb8
18.84,True,face-recognition-5-deployment-59c5b6cb76-6mnb8
18.84,True,face-recognition-5-deployment-59c5b6cb76-6mnb8
18.84,True,face-recognition-5-deployment-59c5b6cb76-6mnb8
18.84,True,face-recognition-5-deployment-59c5b6cb76-6mnb8
18.84,True,face-recognition-5-deployment-59c5b6cb76-6mnb8
18.84,True,face-recognition-5-deployment-59c5b6cb76-6mnb8
18.84,True,face-recognition-5-deployment-59c5b6cb76-6mnb8
18.84,True,face-recognition-5-deployment-59c5b6cb76-6mnb8
18.84,True,face-recognition-5-deployment-59c5b6cb76-6mnb8
18.84,True,face-recognition-5-deployment-59c5b6cb76-6mnb8
18.84,True,face-recognition-5-deployment-59c5b6cb76-6mnb8
30.65,True,face-recognition-5-deployment-59c5b6cb76-6mnb8
30.65,True,face-recognition-5-deployment-59c5b6cb76-6mnb8
30.65,True,face-recognition-5-deployment-59c5b6cb76-6mnb8
30.65,True,face-recognition-5-deployment-59c5b6cb76-6mnb8
30.65,True,face-recognition-5-deployment-59c5b6cb76-6mnb8
30.65,True,face-recognition-5-deployment-59c5b6cb76-6mnb8
30.65,True,face-recognition-5-deployment-59c5b6cb76-6mnb8
30.65,True,face-recognition-5-deployment-59c5b6cb76-6mnb8
30.65,True,face-recognition-5-deployment-59c5b6cb76-6mnb8
30.65,True,face-recognition-5-deployment-59c5b6cb76-6mnb8
30.65,True,face-recognition-5-deployment-59c5b6cb76-6mnb8
30.65,True,face-recognition-5-deployment-59c5b6cb76-6mnb8
30.65,True,face-recognition-5-deployment-59c5b6cb76-6mnb8
30.65,True,face-recognition-5-deployment-59c5b6cb76-6mnb8
30.65,True,face-recognition-5-deployment-59c5b6cb76-6mnb8
30.65,True,face-recognition-5-deployment-59c5b6cb76-6mnb8
30.65,True,face-recognition-5-deployment-59c5b6cb76-6mnb8
30.65,True,face-recognition-5-deployment-59c5b6cb76-6mnb8
30.65,True,face-recognition-5-deployment-59c5b6cb76-6mnb8
30.65,True,face-recognition-5-deployment-59c5b6cb76-6mnb8
30.65,True,face-recognition-5-deployment-59c5b6cb76-6mnb8
30.65,True,face-recognition-5-deployment-59c5b6cb76-6mnb8
30.65,True,face-recognition-5-deployment-59c5b6cb76-6mnb8
30.65,True,face-recognition-5-deployment-59c5b6cb76-6mnb8
30.65,True,face-recognition-5-deployment-59c5b6cb76-6mnb8
30.65,True,face-recognition-5-deployment-59c5b6cb76-6mnb8
30.65,True,face-recognition-5-deployment-59c5b6cb76-6mnb8
30.65,True,face-recognition-5-deployment-59c5b6cb76-6mnb8
30.65,True,face-recognition-5-deployment-59c5b6cb76-6mnb8
30.65,True,face-recognition-5-deployment-59c5b6cb76-6mnb8
30.65,True,face-recognition-5-deployment-59c5b6cb76-6mnb8
30.65,True,face-recognition-5-deployment-59c5b6cb76-6mnb8
30.65,True,face-recognition-5-deployment-59c5b6cb76-6mnb8
30.65,True,face-recognition-5-deployment-59c5b6cb76-6mnb8
30.65,True,face-recognition-5-deployment-59c5b6cb76-6mnb8
30.65,True,face-recognition-5-deployment-59c5b6cb76-6mnb8
30.65,True,face-recognition-5-deployment-59c5b6cb76-6mnb8
30.65,True,face-recognition-5-deployment-59c5b6cb76-6mnb8
30.65,True,face-recognition-5-deployment-59c5b6cb76-6mnb8
30.65,True,face-recognition-5-deployment-59c5b6cb76-6mnb8
30.65,True,face-recognition-5-deployment-59c5b6cb76-6mnb8
30.65,True,face-recognition-5-deployment-59c5b6cb76-6mnb8
30.65,True,face-recognition-5-deployment-59c5b6cb76-6mnb8
30.65,True,face-recognition-5-deployment-59c5b6cb76-6mnb8
30.65,True,face-recognition-5-deployment-59c5b6cb76-6mnb8
30.65,True,face-recognition-5-deployment-59c5b6cb76-6mnb8
30.65,True,face-recognition-5-deployment-59c5b6cb76-6mnb8
30.65,True,face-recognition-5-deployment-59c5b6cb76-6mnb8
30.65,True,face-recognition-5-deployment-59c5b6cb76-6mnb8
30.65,True,face-recognition-5-deployment-59c5b6cb76-6mnb8
30.65,True,face-recognition-5-deployment-59c5b6cb76-6mnb8
30.65,True,face-recognition-5-deployment-59c5b6cb76-6mnb8
50.85,True,face-recognition-5-deployment-59c5b6cb76-6mnb8
50.85,True,face-recognition-5-deployment-59c5b6cb76-6mnb8
50.85,True,face-recognition-5-deployment-59c5b6cb76-6mnb8
50.85,True,face-recognition-5-deployment-59c5b6cb76-6mnb8
50.85,True,face-recognition-5-deployment-59c5b6cb76-6mnb8
50.85,True,face-recognition-5-deployment-59c5b6cb76-6mnb8
50.85,True,face-recognition-5-deployment-59c5b6cb76-6mnb8
50.85,True,face-recognition-5-deployment-59c5b6cb76-6mnb8
50.85,True,face-recognition-5-deployment-59c5b6cb76-6mnb8
50.85,True,face-recognition-5-deployment-59c5b6cb76-6mnb8
50.85,True,face-recognition-5-deployment-59c5b6cb76-6mnb8
50.85,True,face-recognition-5-deployment-59c5b6cb76-6mnb8
50.85,True,face-recognition-5-deployment-59c5b6cb76-6mnb8
50.85,True,face-recognition-5-deployment-59c5b6cb76-6mnb8
50.85,True,face-recognition-5-deployment-59c5b6cb76-6mnb8
50.85,True,face-recognition-5-deployment-59c5b6cb76-6mnb8
50.85,True,face-recognition-5-deployment-59c5b6cb76-6mnb8
50.85,True,face-recognition-5-deployment-59c5b6cb76-6mnb8
17.17,True,face-recognition-5-deployment-59c5b6cb76-6mnb8
17.17,True,face-recognition-5-deployment-59c5b6cb76-6mnb8
17.17,True,face-recognition-5-deployment-59c5b6cb76-6mnb8
17.17,True,face-recognition-5-deployment-59c5b6cb76-6mnb8
17.17,True,face-recognition-5-deployment-59c5b6cb76-6mnb8
17.17,True,face-recognition-5-deployment-59c5b6cb76-6mnb8
17.17,True,face-recognition-5-deployment-59c5b6cb76-6mnb8
17.17,True,face-recognition-5-deployment-59c5b6cb76-6mnb8
17.17,True,face-recognition-5-deployment-59c5b6cb76-6mnb8
17.17,True,face-recognition-5-deployment-59c5b6cb76-6mnb8
17.17,True,face-recognition-5-deployment-59c5b6cb76-6mnb8
17.17,True,face-recognition-5-deployment-59c5b6cb76-6mnb8
17.17,True,face-recognition-5-deployment-59c5b6cb76-6mnb8
17.17,True,face-recognition-5-deployment-59c5b6cb76-6mnb8
17.17,True,face-recognition-5-deployment-59c5b6cb76-6mnb8
17.17,True,face-recognition-5-deployment-59c5b6cb76-6mnb8
17.17,True,face-recognition-5-deployment-59c5b6cb76-6mnb8
17.17,True,face-recognition-5-deployment-59c5b6cb76-6mnb8
17.17,True,face-recognition-5-deployment-59c5b6cb76-6mnb8
17.17,True,face-recognition-5-deployment-59c5b6cb76-6mnb8
17.17,True,face-recognition-5-deployment-59c5b6cb76-6mnb8
17.17,True,face-recognition-5-deployment-59c5b6cb76-6mnb8
17.17,True,face-recognition-5-deployment-59c5b6cb76-6mnb8
17.17,True,face-recognition-5-deployment-59c5b6cb76-6mnb8
17.17,True,face-recognition-5-deployment-59c5b6cb76-6mnb8
17.17,True,face-recognition-5-deployment-59c5b6cb76-6mnb8
24.25,True,face-recognition-5-deployment-59c5b6cb76-6mnb8
24.25,True,face-recognition-5-deployment-59c5b6cb76-6mnb8
24.25,True,face-recognition-5-deployment-59c5b6cb76-6mnb8
24.25,True,face-recognition-5-deployment-59c5b6cb76-6mnb8
24.25,False,face-recognition-5-deployment-59c5b6cb76-6mnb8
24.25,False,face-recognition-5-deployment-59c5b6cb76-6mnb8
24.25,True,face-recognition-5-deployment-59c5b6cb76-6mnb8
24.25,True,face-recognition-5-deployment-59c5b6cb76-6mnb8
24.25,False,face-recognition-5-deployment-59c5b6cb76-6mnb8
24.25,False,face-recognition-5-deployment-59c5b6cb76-6mnb8
24.25,False,face-recognition-5-deployment-59c5b6cb76-6mnb8
24.25,False,face-recognition-5-deployment-59c5b6cb76-6mnb8
24.25,True,face-recognition-5-deployment-59c5b6cb76-6mnb8
24.25,True,face-recognition-5-deployment-59c5b6cb76-6mnb8
24.25,False,face-recognition-5-deployment-59c5b6cb76-6mnb8
24.25,False,face-recognition-5-deployment-59c5b6cb76-6mnb8
24.25,False,face-recognition-5-deployment-59c5b6cb76-6mnb8
24.25,False,face-recognition-5-deployment-59c5b6cb76-6mnb8
24.25,False,face-recognition-5-deployment-59c5b6cb76-6mnb8
24.25,False,face-recognition-5-deployment-59c5b6cb76-6mnb8
24.25,True,face-recognition-5-deployment-59c5b6cb76-6mnb8
24.25,True,face-recognition-5-deployment-59c5b6cb76-6mnb8
24.25,True,face-recognition-5-deployment-59c5b6cb76-6mnb8
24.25,True,face-recognition-5-deployment-59c5b6cb76-6mnb8
23.3,True,face-recognition-5-deployment-59c5b6cb76-6mnb8
23.3,True,face-recognition-5-deployment-59c5b6cb76-6mnb8
23.3,True,face-recognition-5-deployment-59c5b6cb76-6mnb8
23.3,True,face-recognition-5-deployment-59c5b6cb76-6mnb8
23.3,True,face-recognition-5-deployment-59c5b6cb76-6mnb8
23.3,True,face-recognition-5-deployment-59c5b6cb76-6mnb8
23.3,True,face-recognition-5-deployment-59c5b6cb76-6mnb8
23.3,True,face-recognition-5-deployment-59c5b6cb76-6mnb8
23.3,True,face-recognition-5-deployment-59c5b6cb76-6mnb8
23.3,True,face-recognition-5-deployment-59c5b6cb76-6mnb8
23.3,True,face-recognition-5-deployment-59c5b6cb76-6mnb8
23.3,True,face-recognition-5-deployment-59c5b6cb76-6mnb8
23.3,True,face-recognition-5-deployment-59c5b6cb76-6mnb8
23.3,True,face-recognition-5-deployment-59c5b6cb76-6mnb8
23.3,True,face-recognition-5-deployment-59c5b6cb76-6mnb8
23.3,True,face-recognition-5-deployment-59c5b6cb76-6mnb8
23.3,True,face-recognition-5-deployment-59c5b6cb76-6mnb8
23.3,True,face-recognition-5-deployment-59c5b6cb76-6mnb8
23.3,True,face-recognition-5-deployment-59c5b6cb76-6mnb8
23.3,True,face-recognition-5-deployment-59c5b6cb76-6mnb8
23.3,True,face-recognition-5-deployment-59c5b6cb76-6mnb8
23.3,True,face-recognition-5-deployment-59c5b6cb76-6mnb8
23.3,True,face-recognition-5-deployment-59c5b6cb76-6mnb8
23.3,True,face-recognition-5-deployment-59c5b6cb76-6mnb8
23.3,True,face-recognition-5-deployment-59c5b6cb76-6mnb8
23.3,True,face-recognition-5-deployment-59c5b6cb76-6mnb8
23.3,True,face-recognition-5-deployment-59c5b6cb76-6mnb8
23.3,True,face-recognition-5-deployment-59c5b6cb76-6mnb8
23.3,True,face-recognition-5-deployment-59c5b6cb76-6mnb8
23.3,True,face-recognition-5-deployment-59c5b6cb76-6mnb8
23.3,True,face-recognition-5-deployment-59c5b6cb76-6mnb8
23.3,True,face-recognition-5-deployment-59c5b6cb76-6mnb8
31.87,True,face-recognition-5-deployment-59c5b6cb76-6mnb8
31.87,True,face-recognition-5-deployment-59c5b6cb76-6mnb8
31.87,True,face-recognition-5-deployment-59c5b6cb76-6mnb8
31.87,True,face-recognition-5-deployment-59c5b6cb76-6mnb8
31.87,True,face-recognition-5-deployment-59c5b6cb76-6mnb8
31.87,True,face-recognition-5-deployment-59c5b6cb76-6mnb8
31.87,True,face-recognition-5-deployment-59c5b6cb76-6mnb8
31.87,True,face-recognition-5-deployment-59c5b6cb76-6mnb8
31.87,True,face-recognition-5-deployment-59c5b6cb76-6mnb8
31.87,True,face-recognition-5-deployment-59c5b6cb76-6mnb8
31.87,True,face-recognition-5-deployment-59c5b6cb76-6mnb8
31.87,True,face-recognition-5-deployment-59c5b6cb76-6mnb8
31.87,True,face-recognition-5-deployment-59c5b6cb76-6mnb8
31.87,True,face-recognition-5-deployment-59c5b6cb76-6mnb8
31.87,True,face-recognition-5-deployment-59c5b6cb76-6mnb8
31.87,True,face-recognition-5-deployment-59c5b6cb76-6mnb8
31.87,True,face-recognition-5-deployment-59c5b6cb76-6mnb8
31.87,True,face-recognition-5-deployment-59c5b6cb76-6mnb8
31.87,True,face-recognition-5-deployment-59c5b6cb76-6mnb8
31.87,True,face-recognition-5-deployment-59c5b6cb76-6mnb8
31.87,True,face-recognition-5-deployment-59c5b6cb76-6mnb8
31.87,True,face-recognition-5-deployment-59c5b6cb76-6mnb8
31.87,True,face-recognition-5-deployment-59c5b6cb76-6mnb8
31.87,True,face-recognition-5-deployment-59c5b6cb76-6mnb8
31.87,True,face-recognition-5-deployment-59c5b6cb76-6mnb8
31.87,True,face-recognition-5-deployment-59c5b6cb76-6mnb8
31.87,True,face-recognition-5-deployment-59c5b6cb76-6mnb8
31.87,True,face-recognition-5-deployment-59c5b6cb76-6mnb8
31.87,True,face-recognition-5-deployment-59c5b6cb76-6mnb8
31.87,True,face-recognition-5-deployment-59c5b6cb76-6mnb8
31.87,True,face-recognition-5-deployment-59c5b6cb76-6mnb8
31.87,True,face-recognition-5-deployment-59c5b6cb76-6mnb8
31.87,True,face-recognition-5-deployment-59c5b6cb76-6mnb8
31.87,True,face-recognition-5-deployment-59c5b6cb76-6mnb8
31.87,True,face-recognition-5-deployment-59c5b6cb76-6mnb8
31.87,True,face-recognition-5-deployment-59c5b6cb76-6mnb8
31.87,True,face-recognition-5-deployment-59c5b6cb76-6mnb8
31.87,True,face-recognition-5-deployment-59c5b6cb76-6mnb8
31.87,True,face-recognition-5-deployment-59c5b6cb76-6mnb8
31.87,True,face-recognition-5-deployment-59c5b6cb76-6mnb8
31.87,True,face-recognition-5-deployment-59c5b6cb76-6mnb8
31.87,True,face-recognition-5-deployment-59c5b6cb76-6mnb8
40.1,True,face-recognition-5-deployment-59c5b6cb76-6mnb8
40.1,True,face-recognition-5-deployment-59c5b6cb76-6mnb8
40.1,True,face-recognition-5-deployment-59c5b6cb76-6mnb8
40.1,True,face-recognition-5-deployment-59c5b6cb76-6mnb8
40.1,True,face-recognition-5-deployment-59c5b6cb76-6mnb8
40.1,True,face-recognition-5-deployment-59c5b6cb76-6mnb8
40.1,True,face-recognition-5-deployment-59c5b6cb76-6mnb8
40.1,True,face-recognition-5-deployment-59c5b6cb76-6mnb8
40.1,True,face-recognition-5-deployment-59c5b6cb76-6mnb8
40.1,True,face-recognition-5-deployment-59c5b6cb76-6mnb8
40.1,True,face-recognition-5-deployment-59c5b6cb76-6mnb8
40.1,True,face-recognition-5-deployment-59c5b6cb76-6mnb8
40.1,True,face-recognition-5-deployment-59c5b6cb76-6mnb8
40.1,True,face-recognition-5-deployment-59c5b6cb76-6mnb8
40.1,True,face-recognition-5-deployment-59c5b6cb76-6mnb8
40.1,True,face-recognition-5-deployment-59c5b6cb76-6mnb8
40.1,True,face-recognition-5-deployment-59c5b6cb76-6mnb8
40.1,True,face-recognition-5-deployment-59c5b6cb76-6mnb8
40.1,True,face-recognition-5-deployment-59c5b6cb76-6mnb8
40.1,True,face-recognition-5-deployment-59c5b6cb76-6mnb8
40.1,True,face-recognition-5-deployment-59c5b6cb76-6mnb8
40.1,True,face-recognition-5-deployment-59c5b6cb76-6mnb8
40.1,True,face-recognition-5-deployment-59c5b6cb76-6mnb8
40.1,True,face-recognition-5-deployment-59c5b6cb76-6mnb8
40.1,True,face-recognition-5-deployment-59c5b6cb76-6mnb8
40.1,True,face-recognition-5-deployment-59c5b6cb76-6mnb8
40.1,True,face-recognition-5-deployment-59c5b6cb76-6mnb8
40.1,True,face-recognition-5-deployment-59c5b6cb76-6mnb8
40.1,True,face-recognition-5-deployment-59c5b6cb76-6mnb8
40.1,True,face-recognition-5-deployment-59c5b6cb76-6mnb8
40.1,True,face-recognition-5-deployment-59c5b6cb76-6mnb8
40.1,True,face-recognition-5-deployment-59c5b6cb76-6mnb8
40.1,True,face-recognition-5-deployment-59c5b6cb76-6mnb8
40.1,True,face-recognition-5-deployment-59c5b6cb76-6mnb8
40.1,True,face-recognition-5-deployment-59c5b6cb76-6mnb8
40.1,True,face-recognition-5-deployment-59c5b6cb76-6mnb8
40.1,True,face-recognition-5-deployment-59c5b6cb76-6mnb8
40.1,True,face-recognition-5-deployment-59c5b6cb76-6mnb8
40.1,True,face-recognition-5-deployment-59c5b6cb76-6mnb8
40.1,True,face-recognition-5-deployment-59c5b6cb76-6mnb8
40.1,True,face-recognition-5-deployment-59c5b6cb76-6mnb8
40.1,True,face-recognition-5-deployment-59c5b6cb76-6mnb8
40.1,True,face-recognition-5-deployment-59c5b6cb76-6mnb8
40.1,True,face-recognition-5-deployment-59c5b6cb76-6mnb8
40.1,True,face-recognition-5-deployment-59c5b6cb76-6mnb8
40.1,True,face-recognition-5-deployment-59c5b6cb76-6mnb8
45.54,True,face-recognition-5-deployment-59c5b6cb76-6mnb8
45.54,True,face-recognition-5-deployment-59c5b6cb76-6mnb8
45.54,True,face-recognition-5-deployment-59c5b6cb76-6mnb8
45.54,True,face-recognition-5-deployment-59c5b6cb76-6mnb8
45.54,True,face-recognition-5-deployment-59c5b6cb76-6mnb8
45.54,True,face-recognition-5-deployment-59c5b6cb76-6mnb8
45.54,True,face-recognition-5-deployment-59c5b6cb76-6mnb8
45.54,True,face-recognition-5-deployment-59c5b6cb76-6mnb8
45.54,True,face-recognition-5-deployment-59c5b6cb76-6mnb8
45.54,True,face-recognition-5-deployment-59c5b6cb76-6mnb8
45.54,True,face-recognition-5-deployment-59c5b6cb76-6mnb8
45.54,True,face-recognition-5-deployment-59c5b6cb76-6mnb8
45.54,True,face-recognition-5-deployment-59c5b6cb76-6mnb8
45.54,True,face-recognition-5-deployment-59c5b6cb76-6mnb8
45.54,True,face-recognition-5-deployment-59c5b6cb76-6mnb8
45.54,True,face-recognition-5-deployment-59c5b6cb76-6mnb8
45.54,True,face-recognition-5-deployment-59c5b6cb76-6mnb8
45.54,True,face-recognition-5-deployment-59c5b6cb76-6mnb8
45.54,True,face-recognition-5-deployment-59c5b6cb76-6mnb8
45.54,True,face-recognition-5-deployment-59c5b6cb76-6mnb8
45.54,True,face-recognition-5-deployment-59c5b6cb76-6mnb8
45.54,True,face-recognition-5-deployment-59c5b6cb76-6mnb8
21.34,True,face-recognition-5-deployment-59c5b6cb76-6mnb8
21.34,True,face-recognition-5-deployment-59c5b6cb76-6mnb8
21.34,True,face-recognition-5-deployment-59c5b6cb76-6mnb8
21.34,True,face-recognition-5-deployment-59c5b6cb76-6mnb8
21.34,True,face-recognition-5-deployment-59c5b6cb76-6mnb8
21.34,True,face-recognition-5-deployment-59c5b6cb76-6mnb8
21.34,True,face-recognition-5-deployment-59c5b6cb76-6mnb8
21.34,True,face-recognition-5-deployment-59c5b6cb76-6mnb8
21.34,True,face-recognition-5-deployment-59c5b6cb76-6mnb8
21.34,True,face-recognition-5-deployment-59c5b6cb76-6mnb8
21.34,True,face-recognition-5-deployment-59c5b6cb76-6mnb8
21.34,True,face-recognition-5-deployment-59c5b6cb76-6mnb8
21.34,True,face-recognition-5-deployment-59c5b6cb76-6mnb8
21.34,True,face-recognition-5-deployment-59c5b6cb76-6mnb8
21.34,True,face-recognition-5-deployment-59c5b6cb76-6mnb8
21.34,True,face-recognition-5-deployment-59c5b6cb76-6mnb8
21.34,True,face-recognition-5-deployment-59c5b6cb76-6mnb8
21.34,True,face-recognition-5-deployment-59c5b6cb76-6mnb8
21.34,True,face-recognition-5-deployment-59c5b6cb76-6mnb8
21.34,True,face-recognition-5-deployment-59c5b6cb76-6mnb8
21.34,True,face-recognition-5-deployment-59c5b6cb76-6mnb8
21.34,True,face-recognition-5-deployment-59c5b6cb76-6mnb8
21.34,True,face-recognition-5-deployment-59c5b6cb76-6mnb8
21.34,True,face-recognition-5-deployment-59c5b6cb76-6mnb8
21.34,True,face-recognition-5-deployment-59c5b6cb76-6mnb8
21.34,True,face-recognition-5-deployment-59c5b6cb76-6mnb8
21.34,True,face-recognition-5-deployment-59c5b6cb76-6mnb8
21.34,True,face-recognition-5-deployment-59c5b6cb76-6mnb8
21.34,True,face-recognition-5-deployment-59c5b6cb76-6mnb8
21.34,True,face-recognition-5-deployment-59c5b6cb76-6mnb8
21.34,True,face-recognition-5-deployment-59c5b6cb76-6mnb8
21.34,True,face-recognition-5-deployment-59c5b6cb76-6mnb8
21.34,True,face-recognition-5-deployment-59c5b6cb76-6mnb8
21.34,True,face-recognition-5-deployment-59c5b6cb76-6mnb8
21.34,True,face-recognition-5-deployment-59c5b6cb76-6mnb8
21.34,True,face-recognition-5-deployment-59c5b6cb76-6mnb8
21.34,True,face-recognition-5-deployment-59c5b6cb76-6mnb8
21.34,True,face-recognition-5-deployment-59c5b6cb76-6mnb8
21.34,True,face-recognition-5-deployment-59c5b6cb76-6mnb8
21.34,True,face-recognition-5-deployment-59c5b6cb76-6mnb8
21.34,True,face-recognition-5-deployment-59c5b6cb76-6mnb8
21.34,True,face-recognition-5-deployment-59c5b6cb76-6mnb8
26.62,True,face-recognition-5-deployment-59c5b6cb76-6mnb8
26.62,True,face-recognition-5-deployment-59c5b6cb76-6mnb8
26.62,True,face-recognition-5-deployment-59c5b6cb76-6mnb8
26.62,True,face-recognition-5-deployment-59c5b6cb76-6mnb8
26.62,True,face-recognition-5-deployment-59c5b6cb76-6mnb8
26.62,True,face-recognition-5-deployment-59c5b6cb76-6mnb8
26.62,True,face-recognition-5-deployment-59c5b6cb76-6mnb8
26.62,True,face-recognition-5-deployment-59c5b6cb76-6mnb8
26.62,True,face-recognition-5-deployment-59c5b6cb76-6mnb8
26.62,True,face-recognition-5-deployment-59c5b6cb76-6mnb8
26.62,True,face-recognition-5-deployment-59c5b6cb76-6mnb8
26.62,True,face-recognition-5-deployment-59c5b6cb76-6mnb8
26.62,True,face-recognition-5-deployment-59c5b6cb76-6mnb8
26.62,True,face-recognition-5-deployment-59c5b6cb76-6mnb8
26.62,True,face-recognition-5-deployment-59c5b6cb76-6mnb8
26.62,True,face-recognition-5-deployment-59c5b6cb76-6mnb8
26.62,True,face-recognition-5-deployment-59c5b6cb76-6mnb8
26.62,True,face-recognition-5-deployment-59c5b6cb76-6mnb8
26.62,True,face-recognition-5-deployment-59c5b6cb76-6mnb8
26.62,True,face-recognition-5-deployment-59c5b6cb76-6mnb8
26.62,True,face-recognition-5-deployment-59c5b6cb76-6mnb8
26.62,True,face-recognition-5-deployment-59c5b6cb76-6mnb8
26.62,True,face-recognition-5-deployment-59c5b6cb76-6mnb8
26.62,True,face-recognition-5-deployment-59c5b6cb76-6mnb8
26.62,True,face-recognition-5-deployment-59c5b6cb76-6mnb8
26.62,True,face-recognition-5-deployment-59c5b6cb76-6mnb8
26.62,True,face-recognition-5-deployment-59c5b6cb76-6mnb8
26.62,True,face-recognition-5-deployment-59c5b6cb76-6mnb8
26.62,True,face-recognition-5-deployment-59c5b6cb76-6mnb8
26.62,True,face-recognition-5-deployment-59c5b6cb76-6mnb8
26.62,True,face-recognition-5-deployment-59c5b6cb76-6mnb8
26.62,True,face-recognition-5-deployment-59c5b6cb76-6mnb8
26.62,True,face-recognition-5-deployment-59c5b6cb76-6mnb8
26.62,True,face-recognition-5-deployment-59c5b6cb76-6mnb8
33.76,True,face-recognition-5-deployment-59c5b6cb76-6mnb8
33.76,True,face-recognition-5-deployment-59c5b6cb76-6mnb8
33.76,True,face-recognition-5-deployment-59c5b6cb76-6mnb8
33.76,True,face-recognition-5-deployment-59c5b6cb76-6mnb8
33.76,True,face-recognition-5-deployment-59c5b6cb76-6mnb8
33.76,True,face-recognition-5-deployment-59c5b6cb76-6mnb8
33.76,True,face-recognition-5-deployment-59c5b6cb76-6mnb8
33.76,True,face-recognition-5-deployment-59c5b6cb76-6mnb8
33.76,True,face-recognition-5-deployment-59c5b6cb76-6mnb8
33.76,True,face-recognition-5-deployment-59c5b6cb76-6mnb8
33.76,True,face-recognition-5-deployment-59c5b6cb76-6mnb8
33.76,True,face-recognition-5-deployment-59c5b6cb76-6mnb8
33.76,True,face-recognition-5-deployment-59c5b6cb76-6mnb8
33.76,True,face-recognition-5-deployment-59c5b6cb76-6mnb8
33.76,True,face-recognition-5-deployment-59c5b6cb76-6mnb8
33.76,True,face-recognition-5-deployment-59c5b6cb76-6mnb8
33.76,True,face-recognition-5-deployment-59c5b6cb76-6mnb8
33.76,True,face-recognition-5-deployment-59c5b6cb76-6mnb8
33.76,True,face-recognition-5-deployment-59c5b6cb76-6mnb8
33.76,True,face-recognition-5-deployment-59c5b6cb76-6mnb8
33.76,True,face-recognition-5-deployment-59c5b6cb76-6mnb8
33.76,True,face-recognition-5-deployment-59c5b6cb76-6mnb8
33.76,True,face-recognition-5-deployment-59c5b6cb76-6mnb8
33.76,True,face-recognition-5-deployment-59c5b6cb76-6mnb8
33.76,True,face-recognition-5-deployment-59c5b6cb76-6mnb8
33.76,True,face-recognition-5-deployment-59c5b6cb76-6mnb8
33.76,True,face-recognition-5-deployment-59c5b6cb76-6mnb8
33.76,True,face-recognition-5-deployment-59c5b6cb76-6mnb8
33.76,True,face-recognition-5-deployment-59c5b6cb76-6mnb8
33.76,True,face-recognition-5-deployment-59c5b6cb76-6mnb8
33.76,True,face-recognition-5-deployment-59c5b6cb76-6mnb8
33.76,True,face-recognition-5-deployment-59c5b6cb76-6mnb8
33.76,True,face-recognition-5-deployment-59c5b6cb76-6mnb8
33.76,True,face-recognition-5-deployment-59c5b6cb76-6mnb8
32.9,True,face-recognition-5-deployment-59c5b6cb76-6mnb8
32.9,True,face-recognition-5-deployment-59c5b6cb76-6mnb8
32.9,True,face-recognition-5-deployment-59c5b6cb76-6mnb8
32.9,True,face-recognition-5-deployment-59c5b6cb76-6mnb8
32.9,True,face-recognition-5-deployment-59c5b6cb76-6mnb8
32.9,True,face-recognition-5-deployment-59c5b6cb76-6mnb8
32.9,True,face-recognition-5-deployment-59c5b6cb76-6mnb8
32.9,True,face-recognition-5-deployment-59c5b6cb76-6mnb8
32.9,True,face-recognition-5-deployment-59c5b6cb76-6mnb8
32.9,True,face-recognition-5-deployment-59c5b6cb76-6mnb8
32.9,True,face-recognition-5-deployment-59c5b6cb76-6mnb8
32.9,True,face-recognition-5-deployment-59c5b6cb76-6mnb8
32.9,True,face-recognition-5-deployment-59c5b6cb76-6mnb8
32.9,True,face-recognition-5-deployment-59c5b6cb76-6mnb8
32.9,True,face-recognition-5-deployment-59c5b6cb76-6mnb8
32.9,True,face-recognition-5-deployment-59c5b6cb76-6mnb8
32.9,True,face-recognition-5-deployment-59c5b6cb76-6mnb8
32.9,True,face-recognition-5-deployment-59c5b6cb76-6mnb8
32.9,True,face-recognition-5-deployment-59c5b6cb76-6mnb8
32.9,True,face-recognition-5-deployment-59c5b6cb76-6mnb8
32.9,True,face-recognition-5-deployment-59c5b6cb76-6mnb8
32.9,True,face-recognition-5-deployment-59c5b6cb76-6mnb8
32.9,True,face-recognition-5-deployment-59c5b6cb76-6mnb8
32.9,True,face-recognition-5-deployment-59c5b6cb76-6mnb8
32.9,True,face-recognition-5-deployment-59c5b6cb76-6mnb8
32.9,True,face-recognition-5-deployment-59c5b6cb76-6mnb8
32.9,True,face-recognition-5-deployment-59c5b6cb76-6mnb8
32.9,True,face-recognition-5-deployment-59c5b6cb76-6mnb8
26.71,True,face-recognition-5-deployment-59c5b6cb76-6mnb8
26.71,True,face-recognition-5-deployment-59c5b6cb76-6mnb8
26.71,True,face-recognition-5-deployment-59c5b6cb76-6mnb8
26.71,True,face-recognition-5-deployment-59c5b6cb76-6mnb8
26.71,True,face-recognition-5-deployment-59c5b6cb76-6mnb8
26.71,True,face-recognition-5-deployment-59c5b6cb76-6mnb8
26.71,True,face-recognition-5-deployment-59c5b6cb76-6mnb8
26.71,True,face-recognition-5-deployment-59c5b6cb76-6mnb8
26.71,True,face-recognition-5-deployment-59c5b6cb76-6mnb8
26.71,True,face-recognition-5-deployment-59c5b6cb76-6mnb8
26.71,True,face-recognition-5-deployment-59c5b6cb76-6mnb8
26.71,True,face-recognition-5-deployment-59c5b6cb76-6mnb8
26.71,True,face-recognition-5-deployment-59c5b6cb76-6mnb8
26.71,True,face-recognition-5-deployment-59c5b6cb76-6mnb8
26.71,True,face-recognition-5-deployment-59c5b6cb76-6mnb8
26.71,True,face-recognition-5-deployment-59c5b6cb76-6mnb8
26.71,True,face-recognition-5-deployment-59c5b6cb76-6mnb8
26.71,True,face-recognition-5-deployment-59c5b6cb76-6mnb8
26.71,True,face-recognition-5-deployment-59c5b6cb76-6mnb8
26.71,True,face-recognition-5-deployment-59c5b6cb76-6mnb8
26.71,True,face-recognition-5-deployment-59c5b6cb76-6mnb8
26.71,True,face-recognition-5-deployment-59c5b6cb76-6mnb8
26.71,True,face-recognition-5-deployment-59c5b6cb76-6mnb8
26.71,True,face-recognition-5-deployment-59c5b6cb76-6mnb8
26.71,True,face-recognition-5-deployment-59c5b6cb76-6mnb8
26.71,True,face-recognition-5-deployment-59c5b6cb76-6mnb8
26.71,True,face-recognition-5-deployment-59c5b6cb76-6mnb8
26.71,True,face-recognition-5-deployment-59c5b6cb76-6mnb8
26.71,True,face-recognition-5-deployment-59c5b6cb76-6mnb8
26.71,True,face-recognition-5-deployment-59c5b6cb76-6mnb8
26.71,True,face-recognition-5-deployment-59c5b6cb76-6mnb8
26.71,True,face-recognition-5-deployment-59c5b6cb76-6mnb8
26.71,True,face-recognition-5-deployment-59c5b6cb76-6mnb8
26.71,True,face-recognition-5-deployment-59c5b6cb76-6mnb8
26.71,True,face-recognition-5-deployment-59c5b6cb76-6mnb8
26.71,True,face-recognition-5-deployment-59c5b6cb76-6mnb8
33.84,True,face-recognition-5-deployment-59c5b6cb76-6mnb8
33.84,True,face-recognition-5-deployment-59c5b6cb76-6mnb8
33.84,True,face-recognition-5-deployment-59c5b6cb76-6mnb8
33.84,True,face-recognition-5-deployment-59c5b6cb76-6mnb8
33.84,True,face-recognition-5-deployment-59c5b6cb76-6mnb8
33.84,True,face-recognition-5-deployment-59c5b6cb76-6mnb8
33.84,True,face-recognition-5-deployment-59c5b6cb76-6mnb8
33.84,True,face-recognition-5-deployment-59c5b6cb76-6mnb8
33.84,True,face-recognition-5-deployment-59c5b6cb76-6mnb8
33.84,True,face-recognition-5-deployment-59c5b6cb76-6mnb8
33.84,True,face-recognition-5-deployment-59c5b6cb76-6mnb8
33.84,True,face-recognition-5-deployment-59c5b6cb76-6mnb8
33.84,True,face-recognition-5-deployment-59c5b6cb76-6mnb8
33.84,True,face-recognition-5-deployment-59c5b6cb76-6mnb8
33.84,True,face-recognition-5-deployment-59c5b6cb76-6mnb8
33.84,True,face-recognition-5-deployment-59c5b6cb76-6mnb8
33.84,True,face-recognition-5-deployment-59c5b6cb76-6mnb8
33.84,True,face-recognition-5-deployment-59c5b6cb76-6mnb8
33.84,True,face-recognition-5-deployment-59c5b6cb76-6mnb8
33.84,True,face-recognition-5-deployment-59c5b6cb76-6mnb8
33.84,True,face-recognition-5-deployment-59c5b6cb76-6mnb8
33.84,True,face-recognition-5-deployment-59c5b6cb76-6mnb8
33.84,True,face-recognition-5-deployment-59c5b6cb76-6mnb8
33.84,True,face-recognition-5-deployment-59c5b6cb76-6mnb8
33.84,True,face-recognition-5-deployment-59c5b6cb76-6mnb8
33.84,True,face-recognition-5-deployment-59c5b6cb76-6mnb8
33.84,True,face-recognition-5-deployment-59c5b6cb76-6mnb8
33.84,True,face-recognition-5-deployment-59c5b6cb76-6mnb8
27.24,True,face-recognition-5-deployment-59c5b6cb76-6mnb8
27.24,True,face-recognition-5-deployment-59c5b6cb76-6mnb8
27.24,True,face-recognition-5-deployment-59c5b6cb76-6mnb8
27.24,True,face-recognition-5-deployment-59c5b6cb76-6mnb8
27.24,False,face-recognition-5-deployment-59c5b6cb76-6mnb8
27.24,False,face-recognition-5-deployment-59c5b6cb76-6mnb8
27.24,False,face-recognition-5-deployment-59c5b6cb76-6mnb8
27.24,False,face-recognition-5-deployment-59c5b6cb76-6mnb8
27.24,False,face-recognition-5-deployment-59c5b6cb76-6mnb8
27.24,False,face-recognition-5-deployment-59c5b6cb76-6mnb8
27.24,True,face-recognition-5-deployment-59c5b6cb76-6mnb8
27.24,True,face-recognition-5-deployment-59c5b6cb76-6mnb8
27.24,True,face-recognition-5-deployment-59c5b6cb76-6mnb8
27.24,True,face-recognition-5-deployment-59c5b6cb76-6mnb8
27.24,True,face-recognition-5-deployment-59c5b6cb76-6mnb8
27.24,True,face-recognition-5-deployment-59c5b6cb76-6mnb8
27.24,True,face-recognition-5-deployment-59c5b6cb76-6mnb8
27.24,True,face-recognition-5-deployment-59c5b6cb76-6mnb8
27.24,True,face-recognition-5-deployment-59c5b6cb76-6mnb8
27.24,True,face-recognition-5-deployment-59c5b6cb76-6mnb8
27.24,True,face-recognition-5-deployment-59c5b6cb76-6mnb8
27.24,True,face-recognition-5-deployment-59c5b6cb76-6mnb8
27.24,True,face-recognition-5-deployment-59c5b6cb76-6mnb8
27.24,True,face-recognition-5-deployment-59c5b6cb76-6mnb8
23.51,False,face-recognition-5-deployment-59c5b6cb76-6mnb8
23.51,False,face-recognition-5-deployment-59c5b6cb76-6mnb8
23.51,False,face-recognition-5-deployment-59c5b6cb76-6mnb8
23.51,False,face-recognition-5-deployment-59c5b6cb76-6mnb8
23.51,False,face-recognition-5-deployment-59c5b6cb76-6mnb8
23.51,False,face-recognition-5-deployment-59c5b6cb76-6mnb8
23.51,False,face-recognition-5-deployment-59c5b6cb76-6mnb8
23.51,False,face-recognition-5-deployment-59c5b6cb76-6mnb8
23.51,True,face-recognition-5-deployment-59c5b6cb76-6mnb8
23.51,True,face-recognition-5-deployment-59c5b6cb76-6mnb8
23.51,True,face-recognition-5-deployment-59c5b6cb76-6mnb8
23.51,True,face-recognition-5-deployment-59c5b6cb76-6mnb8
23.51,True,face-recognition-5-deployment-59c5b6cb76-6mnb8
23.51,True,face-recognition-5-deployment-59c5b6cb76-6mnb8
23.51,True,face-recognition-5-deployment-59c5b6cb76-6mnb8
23.51,True,face-recognition-5-deployment-59c5b6cb76-6mnb8
23.51,True,face-recognition-5-deployment-59c5b6cb76-6mnb8
23.51,True,face-recognition-5-deployment-59c5b6cb76-6mnb8
23.51,True,face-recognition-5-deployment-59c5b6cb76-6mnb8
23.51,True,face-recognition-5-deployment-59c5b6cb76-6mnb8
23.51,True,face-recognition-5-deployment-59c5b6cb76-6mnb8
23.51,True,face-recognition-5-deployment-59c5b6cb76-6mnb8
23.51,True,face-recognition-5-deployment-59c5b6cb76-6mnb8
23.51,True,face-recognition-5-deployment-59c5b6cb76-6mnb8
23.3,True,face-recognition-5-deployment-59c5b6cb76-6mnb8
23.3,True,face-recognition-5-deployment-59c5b6cb76-6mnb8
23.3,True,face-recognition-5-deployment-59c5b6cb76-6mnb8
23.3,True,face-recognition-5-deployment-59c5b6cb76-6mnb8
23.3,True,face-recognition-5-deployment-59c5b6cb76-6mnb8
23.3,True,face-recognition-5-deployment-59c5b6cb76-6mnb8
23.3,True,face-recognition-5-deployment-59c5b6cb76-6mnb8
23.3,True,face-recognition-5-deployment-59c5b6cb76-6mnb8
23.3,True,face-recognition-5-deployment-59c5b6cb76-6mnb8
23.3,True,face-recognition-5-deployment-59c5b6cb76-6mnb8
23.3,True,face-recognition-5-deployment-59c5b6cb76-6mnb8
23.3,True,face-recognition-5-deployment-59c5b6cb76-6mnb8
23.3,True,face-recognition-5-deployment-59c5b6cb76-6mnb8
23.3,True,face-recognition-5-deployment-59c5b6cb76-6mnb8
23.3,True,face-recognition-5-deployment-59c5b6cb76-6mnb8
23.3,True,face-recognition-5-deployment-59c5b6cb76-6mnb8
23.3,True,face-recognition-5-deployment-59c5b6cb76-6mnb8
23.3,True,face-recognition-5-deployment-59c5b6cb76-6mnb8
23.3,True,face-recognition-5-deployment-59c5b6cb76-6mnb8
23.3,True,face-recognition-5-deployment-59c5b6cb76-6mnb8
23.3,True,face-recognition-5-deployment-59c5b6cb76-6mnb8
23.3,True,face-recognition-5-deployment-59c5b6cb76-6mnb8
23.3,True,face-recognition-5-deployment-59c5b6cb76-6mnb8
23.3,True,face-recognition-5-deployment-59c5b6cb76-6mnb8
23.3,True,face-recognition-5-deployment-59c5b6cb76-6mnb8
23.3,True,face-recognition-5-deployment-59c5b6cb76-6mnb8
23.3,True,face-recognition-5-deployment-59c5b6cb76-6mnb8
23.3,True,face-recognition-5-deployment-59c5b6cb76-6mnb8
23.3,True,face-recognition-5-deployment-59c5b6cb76-6mnb8
23.3,True,face-recognition-5-deployment-59c5b6cb76-6mnb8
29.3,True,face-recognition-5-deployment-59c5b6cb76-6mnb8
29.3,True,face-recognition-5-deployment-59c5b6cb76-6mnb8
29.3,True,face-recognition-5-deployment-59c5b6cb76-6mnb8
29.3,True,face-recognition-5-deployment-59c5b6cb76-6mnb8
29.3,True,face-recognition-5-deployment-59c5b6cb76-6mnb8
29.3,True,face-recognition-5-deployment-59c5b6cb76-6mnb8
29.3,True,face-recognition-5-deployment-59c5b6cb76-6mnb8
29.3,True,face-recognition-5-deployment-59c5b6cb76-6mnb8
29.3,True,face-recognition-5-deployment-59c5b6cb76-6mnb8
29.3,True,face-recognition-5-deployment-59c5b6cb76-6mnb8
29.3,True,face-recognition-5-deployment-59c5b6cb76-6mnb8
29.3,True,face-recognition-5-deployment-59c5b6cb76-6mnb8
29.3,True,face-recognition-5-deployment-59c5b6cb76-6mnb8
29.3,True,face-recognition-5-deployment-59c5b6cb76-6mnb8
29.3,True,face-recognition-5-deployment-59c5b6cb76-6mnb8
29.3,True,face-recognition-5-deployment-59c5b6cb76-6mnb8
29.3,True,face-recognition-5-deployment-59c5b6cb76-6mnb8
29.3,True,face-recognition-5-deployment-59c5b6cb76-6mnb8
29.3,True,face-recognition-5-deployment-59c5b6cb76-6mnb8
29.3,True,face-recognition-5-deployment-59c5b6cb76-6mnb8
29.3,True,face-recognition-5-deployment-59c5b6cb76-6mnb8
29.3,True,face-recognition-5-deployment-59c5b6cb76-6mnb8
29.3,True,face-recognition-5-deployment-59c5b6cb76-6mnb8
29.3,True,face-recognition-5-deployment-59c5b6cb76-6mnb8
29.3,True,face-recognition-5-deployment-59c5b6cb76-6mnb8
29.3,True,face-recognition-5-deployment-59c5b6cb76-6mnb8
29.3,True,face-recognition-5-deployment-59c5b6cb76-6mnb8
29.3,True,face-recognition-5-deployment-59c5b6cb76-6mnb8
26.96,True,face-recognition-5-deployment-59c5b6cb76-6mnb8
26.96,True,face-recognition-5-deployment-59c5b6cb76-6mnb8
26.96,True,face-recognition-5-deployment-59c5b6cb76-6mnb8
26.96,True,face-recognition-5-deployment-59c5b6cb76-6mnb8
26.96,True,face-recognition-5-deployment-59c5b6cb76-6mnb8
26.96,True,face-recognition-5-deployment-59c5b6cb76-6mnb8
26.96,True,face-recognition-5-deployment-59c5b6cb76-6mnb8
26.96,True,face-recognition-5-deployment-59c5b6cb76-6mnb8
26.96,True,face-recognition-5-deployment-59c5b6cb76-6mnb8
26.96,True,face-recognition-5-deployment-59c5b6cb76-6mnb8
26.96,True,face-recognition-5-deployment-59c5b6cb76-6mnb8
26.96,True,face-recognition-5-deployment-59c5b6cb76-6mnb8
26.96,True,face-recognition-5-deployment-59c5b6cb76-6mnb8
26.96,True,face-recognition-5-deployment-59c5b6cb76-6mnb8
26.96,True,face-recognition-5-deployment-59c5b6cb76-6mnb8
26.96,True,face-recognition-5-deployment-59c5b6cb76-6mnb8
26.96,True,face-recognition-5-deployment-59c5b6cb76-6mnb8
26.96,True,face-recognition-5-deployment-59c5b6cb76-6mnb8
26.96,True,face-recognition-5-deployment-59c5b6cb76-6mnb8
26.96,True,face-recognition-5-deployment-59c5b6cb76-6mnb8
26.96,True,face-recognition-5-deployment-59c5b6cb76-6mnb8
26.96,True,face-recognition-5-deployment-59c5b6cb76-6mnb8
26.96,True,face-recognition-5-deployment-59c5b6cb76-6mnb8
26.96,True,face-recognition-5-deployment-59c5b6cb76-6mnb8
26.96,True,face-recognition-5-deployment-59c5b6cb76-6mnb8
26.96,True,face-recognition-5-deployment-59c5b6cb76-6mnb8
26.96,True,face-recognition-5-deployment-59c5b6cb76-6mnb8
26.96,True,face-recognition-5-deployment-59c5b6cb76-6mnb8
26.96,True,face-recognition-5-deployment-59c5b6cb76-6mnb8
26.96,True,face-recognition-5-deployment-59c5b6cb76-6mnb8
26.96,True,face-recognition-5-deployment-59c5b6cb76-6mnb8
26.96,True,face-recognition-5-deployment-59c5b6cb76-6mnb8
26.96,True,face-recognition-5-deployment-59c5b6cb76-6mnb8
26.96,True,face-recognition-5-deployment-59c5b6cb76-6mnb8
26.96,True,face-recognition-5-deployment-59c5b6cb76-6mnb8
26.96,True,face-recognition-5-deployment-59c5b6cb76-6mnb8
26.96,True,face-recognition-5-deployment-59c5b6cb76-6mnb8
26.96,True,face-recognition-5-deployment-59c5b6cb76-6mnb8
26.96,True,face-recognition-5-deployment-59c5b6cb76-6mnb8
26.96,True,face-recognition-5-deployment-59c5b6cb76-6mnb8
26.96,True,face-recognition-5-deployment-59c5b6cb76-6mnb8
26.96,True,face-recognition-5-deployment-59c5b6cb76-6mnb8
26.96,True,face-recognition-5-deployment-59c5b6cb76-6mnb8
26.96,True,face-recognition-5-deployment-59c5b6cb76-6mnb8
26.96,True,face-recognition-5-deployment-59c5b6cb76-6mnb8
26.96,True,face-recognition-5-deployment-59c5b6cb76-6mnb8
26.96,True,face-recognition-5-deployment-59c5b6cb76-6mnb8
26.96,True,face-recognition-5-deployment-59c5b6cb76-6mnb8
26.96,True,face-recognition-5-deployment-59c5b6cb76-6mnb8
26.96,True,face-recognition-5-deployment-59c5b6cb76-6mnb8
26.96,True,face-recognition-5-deployment-59c5b6cb76-6mnb8
26.96,True,face-recognition-5-deployment-59c5b6cb76-6mnb8
26.96,True,face-recognition-5-deployment-59c5b6cb76-6mnb8
26.96,True,face-recognition-5-deployment-59c5b6cb76-6mnb8
26.96,True,face-recognition-5-deployment-59c5b6cb76-6mnb8
26.96,True,face-recognition-5-deployment-59c5b6cb76-6mnb8
26.96,True,face-recognition-5-deployment-59c5b6cb76-6mnb8
26.96,True,face-recognition-5-deployment-59c5b6cb76-6mnb8
26.96,True,face-recognition-5-deployment-59c5b6cb76-6mnb8
26.96,True,face-recognition-5-deployment-59c5b6cb76-6mnb8
26.96,True,face-recognition-5-deployment-59c5b6cb76-6mnb8
26.96,True,face-recognition-5-deployment-59c5b6cb76-6mnb8
57.01,True,face-recognition-5-deployment-59c5b6cb76-6mnb8
57.01,True,face-recognition-5-deployment-59c5b6cb76-6mnb8
57.01,True,face-recognition-5-deployment-59c5b6cb76-6mnb8
57.01,True,face-recognition-5-deployment-59c5b6cb76-6mnb8
57.01,True,face-recognition-5-deployment-59c5b6cb76-6mnb8
57.01,True,face-recognition-5-deployment-59c5b6cb76-6mnb8
57.01,True,face-recognition-5-deployment-59c5b6cb76-6mnb8
57.01,True,face-recognition-5-deployment-59c5b6cb76-6mnb8
57.01,True,face-recognition-5-deployment-59c5b6cb76-6mnb8
57.01,True,face-recognition-5-deployment-59c5b6cb76-6mnb8
57.01,True,face-recognition-5-deployment-59c5b6cb76-6mnb8
57.01,True,face-recognition-5-deployment-59c5b6cb76-6mnb8
57.01,True,face-recognition-5-deployment-59c5b6cb76-6mnb8
57.01,True,face-recognition-5-deployment-59c5b6cb76-6mnb8
57.01,True,face-recognition-5-deployment-59c5b6cb76-6mnb8
57.01,True,face-recognition-5-deployment-59c5b6cb76-6mnb8
57.01,True,face-recognition-5-deployment-59c5b6cb76-6mnb8
57.01,True,face-recognition-5-deployment-59c5b6cb76-6mnb8
57.01,True,face-recognition-5-deployment-59c5b6cb76-6mnb8
57.01,True,face-recognition-5-deployment-59c5b6cb76-6mnb8
57.01,True,face-recognition-5-deployment-59c5b6cb76-6mnb8
57.01,True,face-recognition-5-deployment-59c5b6cb76-6mnb8
20.42,True,face-recognition-5-deployment-59c5b6cb76-6mnb8
20.42,True,face-recognition-5-deployment-59c5b6cb76-6mnb8
20.42,True,face-recognition-5-deployment-59c5b6cb76-6mnb8
20.42,True,face-recognition-5-deployment-59c5b6cb76-6mnb8
20.42,True,face-recognition-5-deployment-59c5b6cb76-6mnb8
20.42,True,face-recognition-5-deployment-59c5b6cb76-6mnb8
20.42,True,face-recognition-5-deployment-59c5b6cb76-6mnb8
20.42,True,face-recognition-5-deployment-59c5b6cb76-6mnb8
20.42,True,face-recognition-5-deployment-59c5b6cb76-6mnb8
20.42,True,face-recognition-5-deployment-59c5b6cb76-6mnb8
20.42,True,face-recognition-5-deployment-59c5b6cb76-6mnb8
20.42,True,face-recognition-5-deployment-59c5b6cb76-6mnb8
20.42,True,face-recognition-5-deployment-59c5b6cb76-6mnb8
20.42,True,face-recognition-5-deployment-59c5b6cb76-6mnb8
20.42,True,face-recognition-5-deployment-59c5b6cb76-6mnb8
20.42,True,face-recognition-5-deployment-59c5b6cb76-6mnb8
20.42,True,face-recognition-5-deployment-59c5b6cb76-6mnb8
20.42,True,face-recognition-5-deployment-59c5b6cb76-6mnb8
20.42,True,face-recognition-5-deployment-59c5b6cb76-6mnb8
20.42,True,face-recognition-5-deployment-59c5b6cb76-6mnb8
20.42,True,face-recognition-5-deployment-59c5b6cb76-6mnb8
20.42,True,face-recognition-5-deployment-59c5b6cb76-6mnb8
20.42,True,face-recognition-5-deployment-59c5b6cb76-6mnb8
20.42,True,face-recognition-5-deployment-59c5b6cb76-6mnb8
20.42,True,face-recognition-5-deployment-59c5b6cb76-6mnb8
20.42,True,face-recognition-5-deployment-59c5b6cb76-6mnb8
20.42,True,face-recognition-5-deployment-59c5b6cb76-6mnb8
20.42,True,face-recognition-5-deployment-59c5b6cb76-6mnb8
20.42,True,face-recognition-5-deployment-59c5b6cb76-6mnb8
20.42,True,face-recognition-5-deployment-59c5b6cb76-6mnb8
29.31,True,face-recognition-5-deployment-59c5b6cb76-6mnb8
29.31,True,face-recognition-5-deployment-59c5b6cb76-6mnb8
29.31,True,face-recognition-5-deployment-59c5b6cb76-6mnb8
29.31,True,face-recognition-5-deployment-59c5b6cb76-6mnb8
29.31,True,face-recognition-5-deployment-59c5b6cb76-6mnb8
29.31,True,face-recognition-5-deployment-59c5b6cb76-6mnb8
29.31,True,face-recognition-5-deployment-59c5b6cb76-6mnb8
29.31,True,face-recognition-5-deployment-59c5b6cb76-6mnb8
29.31,True,face-recognition-5-deployment-59c5b6cb76-6mnb8
29.31,True,face-recognition-5-deployment-59c5b6cb76-6mnb8
29.31,True,face-recognition-5-deployment-59c5b6cb76-6mnb8
29.31,True,face-recognition-5-deployment-59c5b6cb76-6mnb8
29.31,True,face-recognition-5-deployment-59c5b6cb76-6mnb8
29.31,True,face-recognition-5-deployment-59c5b6cb76-6mnb8
29.31,True,face-recognition-5-deployment-59c5b6cb76-6mnb8
29.31,True,face-recognition-5-deployment-59c5b6cb76-6mnb8
29.31,True,face-recognition-5-deployment-59c5b6cb76-6mnb8
29.31,True,face-recognition-5-deployment-59c5b6cb76-6mnb8
29.31,True,face-recognition-5-deployment-59c5b6cb76-6mnb8
29.31,True,face-recognition-5-deployment-59c5b6cb76-6mnb8
29.31,True,face-recognition-5-deployment-59c5b6cb76-6mnb8
29.31,True,face-recognition-5-deployment-59c5b6cb76-6mnb8
29.31,True,face-recognition-5-deployment-59c5b6cb76-6mnb8
29.31,True,face-recognition-5-deployment-59c5b6cb76-6mnb8
29.31,True,face-recognition-5-deployment-59c5b6cb76-6mnb8
29.31,True,face-recognition-5-deployment-59c5b6cb76-6mnb8
29.31,True,face-recognition-5-deployment-59c5b6cb76-6mnb8
29.31,True,face-recognition-5-deployment-59c5b6cb76-6mnb8
29.31,True,face-recognition-5-deployment-59c5b6cb76-6mnb8
29.31,True,face-recognition-5-deployment-59c5b6cb76-6mnb8
29.31,True,face-recognition-5-deployment-59c5b6cb76-6mnb8
29.31,True,face-recognition-5-deployment-59c5b6cb76-6mnb8
29.31,True,face-recognition-5-deployment-59c5b6cb76-6mnb8
29.31,True,face-recognition-5-deployment-59c5b6cb76-6mnb8
31.66,True,face-recognition-5-deployment-59c5b6cb76-6mnb8
31.66,True,face-recognition-5-deployment-59c5b6cb76-6mnb8
31.66,True,face-recognition-5-deployment-59c5b6cb76-6mnb8
31.66,True,face-recognition-5-deployment-59c5b6cb76-6mnb8
31.66,True,face-recognition-5-deployment-59c5b6cb76-6mnb8
31.66,True,face-recognition-5-deployment-59c5b6cb76-6mnb8
31.66,True,face-recognition-5-deployment-59c5b6cb76-6mnb8
31.66,True,face-recognition-5-deployment-59c5b6cb76-6mnb8
31.66,True,face-recognition-5-deployment-59c5b6cb76-6mnb8
31.66,True,face-recognition-5-deployment-59c5b6cb76-6mnb8
31.66,True,face-recognition-5-deployment-59c5b6cb76-6mnb8
31.66,True,face-recognition-5-deployment-59c5b6cb76-6mnb8
31.66,True,face-recognition-5-deployment-59c5b6cb76-6mnb8
31.66,True,face-recognition-5-deployment-59c5b6cb76-6mnb8
31.66,True,face-recognition-5-deployment-59c5b6cb76-6mnb8
31.66,True,face-recognition-5-deployment-59c5b6cb76-6mnb8
31.66,True,face-recognition-5-deployment-59c5b6cb76-6mnb8
31.66,True,face-recognition-5-deployment-59c5b6cb76-6mnb8
31.66,True,face-recognition-5-deployment-59c5b6cb76-6mnb8
31.66,True,face-recognition-5-deployment-59c5b6cb76-6mnb8
31.66,True,face-recognition-5-deployment-59c5b6cb76-6mnb8
31.66,True,face-recognition-5-deployment-59c5b6cb76-6mnb8
31.66,True,face-recognition-5-deployment-59c5b6cb76-6mnb8
31.66,True,face-recognition-5-deployment-59c5b6cb76-6mnb8
31.66,True,face-recognition-5-deployment-59c5b6cb76-6mnb8
31.66,True,face-recognition-5-deployment-59c5b6cb76-6mnb8
31.66,True,face-recognition-5-deployment-59c5b6cb76-6mnb8
31.66,True,face-recognition-5-deployment-59c5b6cb76-6mnb8
27.84,True,face-recognition-5-deployment-59c5b6cb76-6mnb8
27.84,True,face-recognition-5-deployment-59c5b6cb76-6mnb8
27.84,True,face-recognition-5-deployment-59c5b6cb76-6mnb8
27.84,True,face-recognition-5-deployment-59c5b6cb76-6mnb8
27.84,True,face-recognition-5-deployment-59c5b6cb76-6mnb8
27.84,True,face-recognition-5-deployment-59c5b6cb76-6mnb8
27.84,True,face-recognition-5-deployment-59c5b6cb76-6mnb8
27.84,True,face-recognition-5-deployment-59c5b6cb76-6mnb8
27.84,True,face-recognition-5-deployment-59c5b6cb76-6mnb8
27.84,True,face-recognition-5-deployment-59c5b6cb76-6mnb8
27.84,True,face-recognition-5-deployment-59c5b6cb76-6mnb8
27.84,True,face-recognition-5-deployment-59c5b6cb76-6mnb8
27.84,True,face-recognition-5-deployment-59c5b6cb76-6mnb8
27.84,True,face-recognition-5-deployment-59c5b6cb76-6mnb8
27.84,True,face-recognition-5-deployment-59c5b6cb76-6mnb8
27.84,True,face-recognition-5-deployment-59c5b6cb76-6mnb8
27.84,True,face-recognition-5-deployment-59c5b6cb76-6mnb8
27.84,True,face-recognition-5-deployment-59c5b6cb76-6mnb8
27.84,True,face-recognition-5-deployment-59c5b6cb76-6mnb8
27.84,True,face-recognition-5-deployment-59c5b6cb76-6mnb8
27.84,True,face-recognition-5-deployment-59c5b6cb76-6mnb8
27.84,True,face-recognition-5-deployment-59c5b6cb76-6mnb8
27.84,True,face-recognition-5-deployment-59c5b6cb76-6mnb8
27.84,True,face-recognition-5-deployment-59c5b6cb76-6mnb8
27.84,True,face-recognition-5-deployment-59c5b6cb76-6mnb8
27.84,True,face-recognition-5-deployment-59c5b6cb76-6mnb8
27.84,True,face-recognition-5-deployment-59c5b6cb76-6mnb8
27.84,True,face-recognition-5-deployment-59c5b6cb76-6mnb8
27.84,True,face-recognition-5-deployment-59c5b6cb76-6mnb8
27.84,True,face-recognition-5-deployment-59c5b6cb76-6mnb8
27.84,True,face-recognition-5-deployment-59c5b6cb76-6mnb8
27.84,True,face-recognition-5-deployment-59c5b6cb76-6mnb8
27.84,True,face-recognition-5-deployment-59c5b6cb76-6mnb8
27.84,True,face-recognition-5-deployment-59c5b6cb76-6mnb8
27.84,True,face-recognition-5-deployment-59c5b6cb76-6mnb8
27.84,True,face-recognition-5-deployment-59c5b6cb76-6mnb8
27.84,True,face-recognition-5-deployment-59c5b6cb76-6mnb8
27.84,True,face-recognition-5-deployment-59c5b6cb76-6mnb8
27.84,True,face-recognition-5-deployment-59c5b6cb76-6mnb8
27.84,True,face-recognition-5-deployment-59c5b6cb76-6mnb8
39.54,True,face-recognition-5-deployment-59c5b6cb76-6mnb8
39.54,True,face-recognition-5-deployment-59c5b6cb76-6mnb8
39.54,True,face-recognition-5-deployment-59c5b6cb76-6mnb8
39.54,True,face-recognition-5-deployment-59c5b6cb76-6mnb8
39.54,True,face-recognition-5-deployment-59c5b6cb76-6mnb8
39.54,True,face-recognition-5-deployment-59c5b6cb76-6mnb8
39.54,True,face-recognition-5-deployment-59c5b6cb76-6mnb8
39.54,True,face-recognition-5-deployment-59c5b6cb76-6mnb8
39.54,True,face-recognition-5-deployment-59c5b6cb76-6mnb8
39.54,True,face-recognition-5-deployment-59c5b6cb76-6mnb8
39.54,True,face-recognition-5-deployment-59c5b6cb76-6mnb8
39.54,True,face-recognition-5-deployment-59c5b6cb76-6mnb8
39.54,True,face-recognition-5-deployment-59c5b6cb76-6mnb8
39.54,True,face-recognition-5-deployment-59c5b6cb76-6mnb8
39.54,True,face-recognition-5-deployment-59c5b6cb76-6mnb8
39.54,True,face-recognition-5-deployment-59c5b6cb76-6mnb8
39.54,True,face-recognition-5-deployment-59c5b6cb76-6mnb8
39.54,True,face-recognition-5-deployment-59c5b6cb76-6mnb8
39.54,True,face-recognition-5-deployment-59c5b6cb76-6mnb8
39.54,True,face-recognition-5-deployment-59c5b6cb76-6mnb8
39.54,True,face-recognition-5-deployment-59c5b6cb76-6mnb8
39.54,True,face-recognition-5-deployment-59c5b6cb76-6mnb8
39.54,True,face-recognition-5-deployment-59c5b6cb76-6mnb8
39.54,True,face-recognition-5-deployment-59c5b6cb76-6mnb8
39.54,True,face-recognition-5-deployment-59c5b6cb76-6mnb8
39.54,True,face-recognition-5-deployment-59c5b6cb76-6mnb8
24.76,True,face-recognition-5-deployment-59c5b6cb76-6mnb8
24.76,True,face-recognition-5-deployment-59c5b6cb76-6mnb8
24.76,True,face-recognition-5-deployment-59c5b6cb76-6mnb8
24.76,True,face-recognition-5-deployment-59c5b6cb76-6mnb8
24.76,True,face-recognition-5-deployment-59c5b6cb76-6mnb8
24.76,True,face-recognition-5-deployment-59c5b6cb76-6mnb8
24.76,True,face-recognition-5-deployment-59c5b6cb76-6mnb8
24.76,True,face-recognition-5-deployment-59c5b6cb76-6mnb8
24.76,True,face-recognition-5-deployment-59c5b6cb76-6mnb8
24.76,True,face-recognition-5-deployment-59c5b6cb76-6mnb8
24.76,True,face-recognition-5-deployment-59c5b6cb76-6mnb8
24.76,True,face-recognition-5-deployment-59c5b6cb76-6mnb8
24.76,True,face-recognition-5-deployment-59c5b6cb76-6mnb8
24.76,True,face-recognition-5-deployment-59c5b6cb76-6mnb8
24.76,True,face-recognition-5-deployment-59c5b6cb76-6mnb8
24.76,True,face-recognition-5-deployment-59c5b6cb76-6mnb8
24.76,True,face-recognition-5-deployment-59c5b6cb76-6mnb8
24.76,True,face-recognition-5-deployment-59c5b6cb76-6mnb8
24.76,True,face-recognition-5-deployment-59c5b6cb76-6mnb8
24.76,True,face-recognition-5-deployment-59c5b6cb76-6mnb8
24.76,True,face-recognition-5-deployment-59c5b6cb76-6mnb8
24.76,True,face-recognition-5-deployment-59c5b6cb76-6mnb8
24.76,True,face-recognition-5-deployment-59c5b6cb76-6mnb8
24.76,True,face-recognition-5-deployment-59c5b6cb76-6mnb8
24.76,True,face-recognition-5-deployment-59c5b6cb76-6mnb8
24.76,True,face-recognition-5-deployment-59c5b6cb76-6mnb8
24.76,True,face-recognition-5-deployment-59c5b6cb76-6mnb8
24.76,True,face-recognition-5-deployment-59c5b6cb76-6mnb8
24.76,True,face-recognition-5-deployment-59c5b6cb76-6mnb8
24.76,True,face-recognition-5-deployment-59c5b6cb76-6mnb8
24.76,True,face-recognition-5-deployment-59c5b6cb76-6mnb8
24.76,True,face-recognition-5-deployment-59c5b6cb76-6mnb8
24.76,True,face-recognition-5-deployment-59c5b6cb76-6mnb8
24.76,True,face-recognition-5-deployment-59c5b6cb76-6mnb8
33.68,True,face-recognition-5-deployment-59c5b6cb76-6mnb8
33.68,True,face-recognition-5-deployment-59c5b6cb76-6mnb8
33.68,True,face-recognition-5-deployment-59c5b6cb76-6mnb8
33.68,True,face-recognition-5-deployment-59c5b6cb76-6mnb8
33.68,True,face-recognition-5-deployment-59c5b6cb76-6mnb8
33.68,True,face-recognition-5-deployment-59c5b6cb76-6mnb8
33.68,True,face-recognition-5-deployment-59c5b6cb76-6mnb8
5.71,True,face-recognition-5-deployment-59c5b6cb76-6mnb8
5.71,True,face-recognition-5-deployment-59c5b6cb76-6mnb8
5.71,True,face-recognition-5-deployment-59c5b6cb76-6mnb8
5.71,True,face-recognition-5-deployment-59c5b6cb76-6mnb8
5.71,True,face-recognition-5-deployment-59c5b6cb76-6mnb8
5.71,True,face-recognition-5-deployment-59c5b6cb76-6mnb8
5.71,True,face-recognition-5-deployment-59c5b6cb76-6mnb8
5.71,True,face-recognition-5-deployment-59c5b6cb76-6mnb8
5.71,True,face-recognition-5-deployment-59c5b6cb76-6mnb8
5.71,True,face-recognition-5-deployment-59c5b6cb76-6mnb8
5.71,True,face-recognition-5-deployment-59c5b6cb76-6mnb8
5.71,True,face-recognition-5-deployment-59c5b6cb76-6mnb8
5.71,True,face-recognition-5-deployment-59c5b6cb76-6mnb8
5.71,True,face-recognition-5-deployment-59c5b6cb76-6mnb8
5.71,True,face-recognition-5-deployment-59c5b6cb76-6mnb8
5.71,True,face-recognition-5-deployment-59c5b6cb76-6mnb8
5.71,True,face-recognition-5-deployment-59c5b6cb76-6mnb8
5.71,True,face-recognition-5-deployment-59c5b6cb76-6mnb8
5.71,True,face-recognition-5-deployment-59c5b6cb76-6mnb8
5.71,True,face-recognition-5-deployment-59c5b6cb76-6mnb8
5.71,True,face-recognition-5-deployment-59c5b6cb76-6mnb8
5.71,True,face-recognition-5-deployment-59c5b6cb76-6mnb8
5.71,True,face-recognition-5-deployment-59c5b6cb76-6mnb8
5.71,True,face-recognition-5-deployment-59c5b6cb76-6mnb8
5.71,True,face-recognition-5-deployment-59c5b6cb76-6mnb8
5.71,True,face-recognition-5-deployment-59c5b6cb76-6mnb8
5.71,True,face-recognition-5-deployment-59c5b6cb76-6mnb8
5.71,True,face-recognition-5-deployment-59c5b6cb76-6mnb8
5.71,True,face-recognition-5-deployment-59c5b6cb76-6mnb8
5.71,True,face-recognition-5-deployment-59c5b6cb76-6mnb8
5.71,True,face-recognition-5-deployment-59c5b6cb76-6mnb8
27.73,True,face-recognition-5-deployment-59c5b6cb76-6mnb8
27.73,True,face-recognition-5-deployment-59c5b6cb76-6mnb8
27.73,True,face-recognition-5-deployment-59c5b6cb76-6mnb8
27.73,True,face-recognition-5-deployment-59c5b6cb76-6mnb8
27.73,True,face-recognition-5-deployment-59c5b6cb76-6mnb8
27.73,True,face-recognition-5-deployment-59c5b6cb76-6mnb8
27.73,True,face-recognition-5-deployment-59c5b6cb76-6mnb8
27.73,True,face-recognition-5-deployment-59c5b6cb76-6mnb8
27.73,True,face-recognition-5-deployment-59c5b6cb76-6mnb8
27.73,True,face-recognition-5-deployment-59c5b6cb76-6mnb8
27.73,True,face-recognition-5-deployment-59c5b6cb76-6mnb8
27.73,True,face-recognition-5-deployment-59c5b6cb76-6mnb8
27.73,True,face-recognition-5-deployment-59c5b6cb76-6mnb8
27.73,True,face-recognition-5-deployment-59c5b6cb76-6mnb8
27.73,True,face-recognition-5-deployment-59c5b6cb76-6mnb8
27.73,True,face-recognition-5-deployment-59c5b6cb76-6mnb8
27.73,True,face-recognition-5-deployment-59c5b6cb76-6mnb8
27.73,True,face-recognition-5-deployment-59c5b6cb76-6mnb8
27.73,True,face-recognition-5-deployment-59c5b6cb76-6mnb8
27.73,True,face-recognition-5-deployment-59c5b6cb76-6mnb8
27.73,True,face-recognition-5-deployment-59c5b6cb76-6mnb8
27.73,True,face-recognition-5-deployment-59c5b6cb76-6mnb8
27.73,True,face-recognition-5-deployment-59c5b6cb76-6mnb8
27.73,True,face-recognition-5-deployment-59c5b6cb76-6mnb8
27.73,True,face-recognition-5-deployment-59c5b6cb76-6mnb8
27.73,True,face-recognition-5-deployment-59c5b6cb76-6mnb8
27.73,True,face-recognition-5-deployment-59c5b6cb76-6mnb8
27.73,True,face-recognition-5-deployment-59c5b6cb76-6mnb8
27.73,True,face-recognition-5-deployment-59c5b6cb76-6mnb8
27.73,True,face-recognition-5-deployment-59c5b6cb76-6mnb8
27.73,True,face-recognition-5-deployment-59c5b6cb76-6mnb8
27.73,True,face-recognition-5-deployment-59c5b6cb76-6mnb8
27.73,True,face-recognition-5-deployment-59c5b6cb76-6mnb8
27.73,True,face-recognition-5-deployment-59c5b6cb76-6mnb8
27.73,True,face-recognition-5-deployment-59c5b6cb76-6mnb8
27.73,True,face-recognition-5-deployment-59c5b6cb76-6mnb8
27.73,True,face-recognition-5-deployment-59c5b6cb76-6mnb8
27.73,True,face-recognition-5-deployment-59c5b6cb76-6mnb8
37.53,True,face-recognition-5-deployment-59c5b6cb76-6mnb8
37.53,True,face-recognition-5-deployment-59c5b6cb76-6mnb8
37.53,True,face-recognition-5-deployment-59c5b6cb76-6mnb8
37.53,True,face-recognition-5-deployment-59c5b6cb76-6mnb8
37.53,True,face-recognition-5-deployment-59c5b6cb76-6mnb8
37.53,True,face-recognition-5-deployment-59c5b6cb76-6mnb8
37.53,True,face-recognition-5-deployment-59c5b6cb76-6mnb8
37.53,True,face-recognition-5-deployment-59c5b6cb76-6mnb8
37.53,True,face-recognition-5-deployment-59c5b6cb76-6mnb8
37.53,True,face-recognition-5-deployment-59c5b6cb76-6mnb8
37.53,True,face-recognition-5-deployment-59c5b6cb76-6mnb8
37.53,True,face-recognition-5-deployment-59c5b6cb76-6mnb8
37.53,True,face-recognition-5-deployment-59c5b6cb76-6mnb8
37.53,True,face-recognition-5-deployment-59c5b6cb76-6mnb8
37.53,True,face-recognition-5-deployment-59c5b6cb76-6mnb8
37.53,True,face-recognition-5-deployment-59c5b6cb76-6mnb8
37.53,True,face-recognition-5-deployment-59c5b6cb76-6mnb8
37.53,True,face-recognition-5-deployment-59c5b6cb76-6mnb8
37.53,True,face-recognition-5-deployment-59c5b6cb76-6mnb8
37.53,True,face-recognition-5-deployment-59c5b6cb76-6mnb8
37.53,True,face-recognition-5-deployment-59c5b6cb76-6mnb8
37.53,True,face-recognition-5-deployment-59c5b6cb76-6mnb8
37.53,True,face-recognition-5-deployment-59c5b6cb76-6mnb8
37.53,True,face-recognition-5-deployment-59c5b6cb76-6mnb8
22.84,True,face-recognition-5-deployment-59c5b6cb76-6mnb8
22.84,True,face-recognition-5-deployment-59c5b6cb76-6mnb8
22.84,True,face-recognition-5-deployment-59c5b6cb76-6mnb8
22.84,True,face-recognition-5-deployment-59c5b6cb76-6mnb8
22.84,True,face-recognition-5-deployment-59c5b6cb76-6mnb8
22.84,True,face-recognition-5-deployment-59c5b6cb76-6mnb8
22.84,True,face-recognition-5-deployment-59c5b6cb76-6mnb8
22.84,True,face-recognition-5-deployment-59c5b6cb76-6mnb8
22.84,True,face-recognition-5-deployment-59c5b6cb76-6mnb8
22.84,True,face-recognition-5-deployment-59c5b6cb76-6mnb8
22.84,True,face-recognition-5-deployment-59c5b6cb76-6mnb8
22.84,True,face-recognition-5-deployment-59c5b6cb76-6mnb8
22.84,True,face-recognition-5-deployment-59c5b6cb76-6mnb8
22.84,True,face-recognition-5-deployment-59c5b6cb76-6mnb8
22.84,True,face-recognition-5-deployment-59c5b6cb76-6mnb8
22.84,True,face-recognition-5-deployment-59c5b6cb76-6mnb8
22.84,True,face-recognition-5-deployment-59c5b6cb76-6mnb8
22.84,True,face-recognition-5-deployment-59c5b6cb76-6mnb8
22.84,True,face-recognition-5-deployment-59c5b6cb76-6mnb8
22.84,True,face-recognition-5-deployment-59c5b6cb76-6mnb8
22.84,True,face-recognition-5-deployment-59c5b6cb76-6mnb8
22.84,True,face-recognition-5-deployment-59c5b6cb76-6mnb8
22.84,True,face-recognition-5-deployment-59c5b6cb76-6mnb8
22.84,True,face-recognition-5-deployment-59c5b6cb76-6mnb8
22.84,True,face-recognition-5-deployment-59c5b6cb76-6mnb8
22.84,True,face-recognition-5-deployment-59c5b6cb76-6mnb8
22.84,True,face-recognition-5-deployment-59c5b6cb76-6mnb8
22.84,True,face-recognition-5-deployment-59c5b6cb76-6mnb8
22.84,True,face-recognition-5-deployment-59c5b6cb76-6mnb8
22.84,True,face-recognition-5-deployment-59c5b6cb76-6mnb8
22.84,True,face-recognition-5-deployment-59c5b6cb76-6mnb8
22.84,True,face-recognition-5-deployment-59c5b6cb76-6mnb8
29.48,True,face-recognition-5-deployment-59c5b6cb76-6mnb8
29.48,True,face-recognition-5-deployment-59c5b6cb76-6mnb8
29.48,True,face-recognition-5-deployment-59c5b6cb76-6mnb8
29.48,True,face-recognition-5-deployment-59c5b6cb76-6mnb8
29.48,True,face-recognition-5-deployment-59c5b6cb76-6mnb8
29.48,True,face-recognition-5-deployment-59c5b6cb76-6mnb8
29.48,True,face-recognition-5-deployment-59c5b6cb76-6mnb8
29.48,True,face-recognition-5-deployment-59c5b6cb76-6mnb8
29.48,True,face-recognition-5-deployment-59c5b6cb76-6mnb8
29.48,True,face-recognition-5-deployment-59c5b6cb76-6mnb8
29.48,True,face-recognition-5-deployment-59c5b6cb76-6mnb8
29.48,True,face-recognition-5-deployment-59c5b6cb76-6mnb8
29.48,True,face-recognition-5-deployment-59c5b6cb76-6mnb8
29.48,True,face-recognition-5-deployment-59c5b6cb76-6mnb8
29.48,True,face-recognition-5-deployment-59c5b6cb76-6mnb8
29.48,True,face-recognition-5-deployment-59c5b6cb76-6mnb8
29.48,True,face-recognition-5-deployment-59c5b6cb76-6mnb8
29.48,True,face-recognition-5-deployment-59c5b6cb76-6mnb8
29.48,True,face-recognition-5-deployment-59c5b6cb76-6mnb8
29.48,True,face-recognition-5-deployment-59c5b6cb76-6mnb8
29.48,True,face-recognition-5-deployment-59c5b6cb76-6mnb8
29.48,True,face-recognition-5-deployment-59c5b6cb76-6mnb8
29.48,True,face-recognition-5-deployment-59c5b6cb76-6mnb8
29.48,True,face-recognition-5-deployment-59c5b6cb76-6mnb8
29.48,True,face-recognition-5-deployment-59c5b6cb76-6mnb8
29.48,True,face-recognition-5-deployment-59c5b6cb76-6mnb8
25.04,True,face-recognition-5-deployment-59c5b6cb76-6mnb8
25.04,True,face-recognition-5-deployment-59c5b6cb76-6mnb8
25.04,True,face-recognition-5-deployment-59c5b6cb76-6mnb8
25.04,True,face-recognition-5-deployment-59c5b6cb76-6mnb8
25.04,True,face-recognition-5-deployment-59c5b6cb76-6mnb8
25.04,True,face-recognition-5-deployment-59c5b6cb76-6mnb8
25.04,True,face-recognition-5-deployment-59c5b6cb76-6mnb8
25.04,True,face-recognition-5-deployment-59c5b6cb76-6mnb8
25.04,True,face-recognition-5-deployment-59c5b6cb76-6mnb8
25.04,True,face-recognition-5-deployment-59c5b6cb76-6mnb8
25.04,True,face-recognition-5-deployment-59c5b6cb76-6mnb8
25.04,True,face-recognition-5-deployment-59c5b6cb76-6mnb8
25.04,True,face-recognition-5-deployment-59c5b6cb76-6mnb8
25.04,True,face-recognition-5-deployment-59c5b6cb76-6mnb8
25.04,True,face-recognition-5-deployment-59c5b6cb76-6mnb8
25.04,True,face-recognition-5-deployment-59c5b6cb76-6mnb8
25.04,True,face-recognition-5-deployment-59c5b6cb76-6mnb8
25.04,True,face-recognition-5-deployment-59c5b6cb76-6mnb8
25.04,True,face-recognition-5-deployment-59c5b6cb76-6mnb8
25.04,True,face-recognition-5-deployment-59c5b6cb76-6mnb8
25.04,True,face-recognition-5-deployment-59c5b6cb76-6mnb8
25.04,True,face-recognition-5-deployment-59c5b6cb76-6mnb8
25.04,True,face-recognition-5-deployment-59c5b6cb76-6mnb8
25.04,True,face-recognition-5-deployment-59c5b6cb76-6mnb8
25.04,True,face-recognition-5-deployment-59c5b6cb76-6mnb8
25.04,True,face-recognition-5-deployment-59c5b6cb76-6mnb8
25.04,True,face-recognition-5-deployment-59c5b6cb76-6mnb8
25.04,True,face-recognition-5-deployment-59c5b6cb76-6mnb8
25.04,True,face-recognition-5-deployment-59c5b6cb76-6mnb8
25.04,True,face-recognition-5-deployment-59c5b6cb76-6mnb8
25.04,True,face-recognition-5-deployment-59c5b6cb76-6mnb8
25.04,True,face-recognition-5-deployment-59c5b6cb76-6mnb8
25.04,True,face-recognition-5-deployment-59c5b6cb76-6mnb8
25.04,True,face-recognition-5-deployment-59c5b6cb76-6mnb8
25.04,True,face-recognition-5-deployment-59c5b6cb76-6mnb8
25.04,True,face-recognition-5-deployment-59c5b6cb76-6mnb8
35.58,True,face-recognition-5-deployment-59c5b6cb76-6mnb8
35.58,True,face-recognition-5-deployment-59c5b6cb76-6mnb8
35.58,True,face-recognition-5-deployment-59c5b6cb76-6mnb8
35.58,True,face-recognition-5-deployment-59c5b6cb76-6mnb8
35.58,True,face-recognition-5-deployment-59c5b6cb76-6mnb8
35.58,True,face-recognition-5-deployment-59c5b6cb76-6mnb8
35.58,True,face-recognition-5-deployment-59c5b6cb76-6mnb8
35.58,True,face-recognition-5-deployment-59c5b6cb76-6mnb8
35.58,True,face-recognition-5-deployment-59c5b6cb76-6mnb8
35.58,True,face-recognition-5-deployment-59c5b6cb76-6mnb8
35.58,True,face-recognition-5-deployment-59c5b6cb76-6mnb8
35.58,True,face-recognition-5-deployment-59c5b6cb76-6mnb8
35.58,True,face-recognition-5-deployment-59c5b6cb76-6mnb8
35.58,True,face-recognition-5-deployment-59c5b6cb76-6mnb8
35.58,True,face-recognition-5-deployment-59c5b6cb76-6mnb8
35.58,True,face-recognition-5-deployment-59c5b6cb76-6mnb8
35.58,True,face-recognition-5-deployment-59c5b6cb76-6mnb8
35.58,True,face-recognition-5-deployment-59c5b6cb76-6mnb8
35.58,True,face-recognition-5-deployment-59c5b6cb76-6mnb8
35.58,True,face-recognition-5-deployment-59c5b6cb76-6mnb8
35.58,True,face-recognition-5-deployment-59c5b6cb76-6mnb8
35.58,True,face-recognition-5-deployment-59c5b6cb76-6mnb8
35.58,True,face-recognition-5-deployment-59c5b6cb76-6mnb8
35.58,True,face-recognition-5-deployment-59c5b6cb76-6mnb8
35.58,True,face-recognition-5-deployment-59c5b6cb76-6mnb8
35.58,True,face-recognition-5-deployment-59c5b6cb76-6mnb8
35.58,True,face-recognition-5-deployment-59c5b6cb76-6mnb8
35.58,True,face-recognition-5-deployment-59c5b6cb76-6mnb8
35.58,True,face-recognition-5-deployment-59c5b6cb76-6mnb8
35.58,True,face-recognition-5-deployment-59c5b6cb76-6mnb8
35.58,True,face-recognition-5-deployment-59c5b6cb76-6mnb8
35.58,True,face-recognition-5-deployment-59c5b6cb76-6mnb8
35.58,True,face-recognition-5-deployment-59c5b6cb76-6mnb8
35.58,True,face-recognition-5-deployment-59c5b6cb76-6mnb8
35.58,True,face-recognition-5-deployment-59c5b6cb76-6mnb8
35.58,True,face-recognition-5-deployment-59c5b6cb76-6mnb8
35.58,True,face-recognition-5-deployment-59c5b6cb76-6mnb8
35.58,True,face-recognition-5-deployment-59c5b6cb76-6mnb8
35.58,True,face-recognition-5-deployment-59c5b6cb76-6mnb8
35.58,True,face-recognition-5-deployment-59c5b6cb76-6mnb8
35.58,True,face-recognition-5-deployment-59c5b6cb76-6mnb8
35.58,True,face-recognition-5-deployment-59c5b6cb76-6mnb8
35.58,True,face-recognition-5-deployment-59c5b6cb76-6mnb8
35.58,True,face-recognition-5-deployment-59c5b6cb76-6mnb8
35.58,True,face-recognition-5-deployment-59c5b6cb76-6mnb8
35.58,True,face-recognition-5-deployment-59c5b6cb76-6mnb8
35.58,True,face-recognition-5-deployment-59c5b6cb76-6mnb8
35.58,True,face-recognition-5-deployment-59c5b6cb76-6mnb8
44.54,True,face-recognition-5-deployment-59c5b6cb76-6mnb8
44.54,True,face-recognition-5-deployment-59c5b6cb76-6mnb8
44.54,True,face-recognition-5-deployment-59c5b6cb76-6mnb8
44.54,True,face-recognition-5-deployment-59c5b6cb76-6mnb8
44.54,True,face-recognition-5-deployment-59c5b6cb76-6mnb8
44.54,True,face-recognition-5-deployment-59c5b6cb76-6mnb8
44.54,True,face-recognition-5-deployment-59c5b6cb76-6mnb8
44.54,True,face-recognition-5-deployment-59c5b6cb76-6mnb8
44.54,True,face-recognition-5-deployment-59c5b6cb76-6mnb8
44.54,True,face-recognition-5-deployment-59c5b6cb76-6mnb8
44.54,True,face-recognition-5-deployment-59c5b6cb76-6mnb8
44.54,True,face-recognition-5-deployment-59c5b6cb76-6mnb8
44.54,True,face-recognition-5-deployment-59c5b6cb76-6mnb8
44.54,True,face-recognition-5-deployment-59c5b6cb76-6mnb8
44.54,True,face-recognition-5-deployment-59c5b6cb76-6mnb8
44.54,True,face-recognition-5-deployment-59c5b6cb76-6mnb8
44.54,True,face-recognition-5-deployment-59c5b6cb76-6mnb8
44.54,True,face-recognition-5-deployment-59c5b6cb76-6mnb8
44.54,True,face-recognition-5-deployment-59c5b6cb76-6mnb8
44.54,True,face-recognition-5-deployment-59c5b6cb76-6mnb8
44.54,True,face-recognition-5-deployment-59c5b6cb76-6mnb8
44.54,True,face-recognition-5-deployment-59c5b6cb76-6mnb8
44.54,True,face-recognition-5-deployment-59c5b6cb76-6mnb8
44.54,True,face-recognition-5-deployment-59c5b6cb76-6mnb8
44.54,True,face-recognition-5-deployment-59c5b6cb76-6mnb8
44.54,True,face-recognition-5-deployment-59c5b6cb76-6mnb8
44.54,True,face-recognition-5-deployment-59c5b6cb76-6mnb8
44.54,True,face-recognition-5-deployment-59c5b6cb76-6mnb8
44.54,True,face-recognition-5-deployment-59c5b6cb76-6mnb8
44.54,True,face-recognition-5-deployment-59c5b6cb76-6mnb8
44.54,True,face-recognition-5-deployment-59c5b6cb76-6mnb8
44.54,True,face-recognition-5-deployment-59c5b6cb76-6mnb8
44.54,True,face-recognition-5-deployment-59c5b6cb76-6mnb8
44.54,True,face-recognition-5-deployment-59c5b6cb76-6mnb8
44.54,True,face-recognition-5-deployment-59c5b6cb76-6mnb8
44.54,True,face-recognition-5-deployment-59c5b6cb76-6mnb8
44.54,True,face-recognition-5-deployment-59c5b6cb76-6mnb8
44.54,True,face-recognition-5-deployment-59c5b6cb76-6mnb8
37.54,True,face-recognition-5-deployment-59c5b6cb76-6mnb8
37.54,True,face-recognition-5-deployment-59c5b6cb76-6mnb8
37.54,True,face-recognition-5-deployment-59c5b6cb76-6mnb8
37.54,True,face-recognition-5-deployment-59c5b6cb76-6mnb8
37.54,True,face-recognition-5-deployment-59c5b6cb76-6mnb8
37.54,True,face-recognition-5-deployment-59c5b6cb76-6mnb8
37.54,True,face-recognition-5-deployment-59c5b6cb76-6mnb8
37.54,True,face-recognition-5-deployment-59c5b6cb76-6mnb8
37.54,True,face-recognition-5-deployment-59c5b6cb76-6mnb8
37.54,True,face-recognition-5-deployment-59c5b6cb76-6mnb8
37.54,True,face-recognition-5-deployment-59c5b6cb76-6mnb8
37.54,True,face-recognition-5-deployment-59c5b6cb76-6mnb8
37.54,True,face-recognition-5-deployment-59c5b6cb76-6mnb8
37.54,True,face-recognition-5-deployment-59c5b6cb76-6mnb8
37.54,True,face-recognition-5-deployment-59c5b6cb76-6mnb8
37.54,True,face-recognition-5-deployment-59c5b6cb76-6mnb8
37.54,True,face-recognition-5-deployment-59c5b6cb76-6mnb8
37.54,True,face-recognition-5-deployment-59c5b6cb76-6mnb8
37.54,True,face-recognition-5-deployment-59c5b6cb76-6mnb8
37.54,True,face-recognition-5-deployment-59c5b6cb76-6mnb8
37.54,True,face-recognition-5-deployment-59c5b6cb76-6mnb8
37.54,True,face-recognition-5-deployment-59c5b6cb76-6mnb8
37.54,True,face-recognition-5-deployment-59c5b6cb76-6mnb8
37.54,True,face-recognition-5-deployment-59c5b6cb76-6mnb8
37.54,True,face-recognition-5-deployment-59c5b6cb76-6mnb8
37.54,True,face-recognition-5-deployment-59c5b6cb76-6mnb8
37.54,True,face-recognition-5-deployment-59c5b6cb76-6mnb8
37.54,True,face-recognition-5-deployment-59c5b6cb76-6mnb8
37.54,True,face-recognition-5-deployment-59c5b6cb76-6mnb8
37.54,True,face-recognition-5-deployment-59c5b6cb76-6mnb8
37.54,True,face-recognition-5-deployment-59c5b6cb76-6mnb8
37.54,True,face-recognition-5-deployment-59c5b6cb76-6mnb8
37.54,True,face-recognition-5-deployment-59c5b6cb76-6mnb8
37.54,True,face-recognition-5-deployment-59c5b6cb76-6mnb8
37.54,True,face-recognition-5-deployment-59c5b6cb76-6mnb8
37.54,True,face-recognition-5-deployment-59c5b6cb76-6mnb8
20.24,True,face-recognition-5-deployment-59c5b6cb76-6mnb8
20.24,True,face-recognition-5-deployment-59c5b6cb76-6mnb8
20.24,True,face-recognition-5-deployment-59c5b6cb76-6mnb8
20.24,True,face-recognition-5-deployment-59c5b6cb76-6mnb8
20.24,True,face-recognition-5-deployment-59c5b6cb76-6mnb8
20.24,True,face-recognition-5-deployment-59c5b6cb76-6mnb8
20.24,True,face-recognition-5-deployment-59c5b6cb76-6mnb8
20.24,True,face-recognition-5-deployment-59c5b6cb76-6mnb8
20.24,True,face-recognition-5-deployment-59c5b6cb76-6mnb8
20.24,True,face-recognition-5-deployment-59c5b6cb76-6mnb8
20.24,True,face-recognition-5-deployment-59c5b6cb76-6mnb8
20.24,True,face-recognition-5-deployment-59c5b6cb76-6mnb8
20.24,True,face-recognition-5-deployment-59c5b6cb76-6mnb8
20.24,True,face-recognition-5-deployment-59c5b6cb76-6mnb8
20.24,True,face-recognition-5-deployment-59c5b6cb76-6mnb8
20.24,True,face-recognition-5-deployment-59c5b6cb76-6mnb8
20.24,True,face-recognition-5-deployment-59c5b6cb76-6mnb8
20.24,True,face-recognition-5-deployment-59c5b6cb76-6mnb8
20.24,True,face-recognition-5-deployment-59c5b6cb76-6mnb8
20.24,True,face-recognition-5-deployment-59c5b6cb76-6mnb8
20.24,True,face-recognition-5-deployment-59c5b6cb76-6mnb8
20.24,True,face-recognition-5-deployment-59c5b6cb76-6mnb8
20.24,True,face-recognition-5-deployment-59c5b6cb76-6mnb8
20.24,True,face-recognition-5-deployment-59c5b6cb76-6mnb8
20.24,True,face-recognition-5-deployment-59c5b6cb76-6mnb8
20.24,True,face-recognition-5-deployment-59c5b6cb76-6mnb8
20.24,True,face-recognition-5-deployment-59c5b6cb76-6mnb8
20.24,True,face-recognition-5-deployment-59c5b6cb76-6mnb8
20.24,True,face-recognition-5-deployment-59c5b6cb76-6mnb8
20.24,True,face-recognition-5-deployment-59c5b6cb76-6mnb8
20.24,True,face-recognition-5-deployment-59c5b6cb76-6mnb8
20.24,True,face-recognition-5-deployment-59c5b6cb76-6mnb8
20.24,True,face-recognition-5-deployment-59c5b6cb76-6mnb8
20.24,True,face-recognition-5-deployment-59c5b6cb76-6mnb8
20.24,True,face-recognition-5-deployment-59c5b6cb76-6mnb8
20.24,True,face-recognition-5-deployment-59c5b6cb76-6mnb8
20.24,True,face-recognition-5-deployment-59c5b6cb76-6mnb8
20.24,True,face-recognition-5-deployment-59c5b6cb76-6mnb8
37.75,True,face-recognition-5-deployment-59c5b6cb76-6mnb8
37.75,True,face-recognition-5-deployment-59c5b6cb76-6mnb8
37.75,True,face-recognition-5-deployment-59c5b6cb76-6mnb8
37.75,True,face-recognition-5-deployment-59c5b6cb76-6mnb8
37.75,True,face-recognition-5-deployment-59c5b6cb76-6mnb8
37.75,True,face-recognition-5-deployment-59c5b6cb76-6mnb8
37.75,True,face-recognition-5-deployment-59c5b6cb76-6mnb8
37.75,True,face-recognition-5-deployment-59c5b6cb76-6mnb8
37.75,True,face-recognition-5-deployment-59c5b6cb76-6mnb8
37.75,True,face-recognition-5-deployment-59c5b6cb76-6mnb8
37.75,True,face-recognition-5-deployment-59c5b6cb76-6mnb8
37.75,True,face-recognition-5-deployment-59c5b6cb76-6mnb8
37.75,True,face-recognition-5-deployment-59c5b6cb76-6mnb8
37.75,True,face-recognition-5-deployment-59c5b6cb76-6mnb8
37.75,True,face-recognition-5-deployment-59c5b6cb76-6mnb8
37.75,True,face-recognition-5-deployment-59c5b6cb76-6mnb8
37.75,True,face-recognition-5-deployment-59c5b6cb76-6mnb8
37.75,True,face-recognition-5-deployment-59c5b6cb76-6mnb8
37.75,True,face-recognition-5-deployment-59c5b6cb76-6mnb8
37.75,True,face-recognition-5-deployment-59c5b6cb76-6mnb8
37.75,True,face-recognition-5-deployment-59c5b6cb76-6mnb8
37.75,True,face-recognition-5-deployment-59c5b6cb76-6mnb8
37.75,True,face-recognition-5-deployment-59c5b6cb76-6mnb8
37.75,True,face-recognition-5-deployment-59c5b6cb76-6mnb8
23.56,True,face-recognition-5-deployment-59c5b6cb76-6mnb8
23.56,True,face-recognition-5-deployment-59c5b6cb76-6mnb8
23.56,False,face-recognition-5-deployment-59c5b6cb76-6mnb8
23.56,False,face-recognition-5-deployment-59c5b6cb76-6mnb8
23.56,False,face-recognition-5-deployment-59c5b6cb76-6mnb8
23.56,False,face-recognition-5-deployment-59c5b6cb76-6mnb8
23.56,False,face-recognition-5-deployment-59c5b6cb76-6mnb8
23.56,False,face-recognition-5-deployment-59c5b6cb76-6mnb8
23.56,False,face-recognition-5-deployment-59c5b6cb76-6mnb8
23.56,False,face-recognition-5-deployment-59c5b6cb76-6mnb8
23.56,False,face-recognition-5-deployment-59c5b6cb76-6mnb8
23.56,False,face-recognition-5-deployment-59c5b6cb76-6mnb8
23.56,False,face-recognition-5-deployment-59c5b6cb76-6mnb8
23.56,False,face-recognition-5-deployment-59c5b6cb76-6mnb8
23.56,False,face-recognition-5-deployment-59c5b6cb76-6mnb8
23.56,False,face-recognition-5-deployment-59c5b6cb76-6mnb8
23.56,False,face-recognition-5-deployment-59c5b6cb76-6mnb8
23.56,False,face-recognition-5-deployment-59c5b6cb76-6mnb8
23.56,False,face-recognition-5-deployment-59c5b6cb76-6mnb8
23.56,False,face-recognition-5-deployment-59c5b6cb76-6mnb8
23.56,False,face-recognition-5-deployment-59c5b6cb76-6mnb8
23.56,False,face-recognition-5-deployment-59c5b6cb76-6mnb8
23.56,False,face-recognition-5-deployment-59c5b6cb76-6mnb8
23.56,False,face-recognition-5-deployment-59c5b6cb76-6mnb8
23.56,False,face-recognition-5-deployment-59c5b6cb76-6mnb8
23.56,False,face-recognition-5-deployment-59c5b6cb76-6mnb8
23.56,False,face-recognition-5-deployment-59c5b6cb76-6mnb8
23.56,False,face-recognition-5-deployment-59c5b6cb76-6mnb8
23.56,False,face-recognition-5-deployment-59c5b6cb76-6mnb8
23.56,False,face-recognition-5-deployment-59c5b6cb76-6mnb8
23.56,False,face-recognition-5-deployment-59c5b6cb76-6mnb8
23.56,False,face-recognition-5-deployment-59c5b6cb76-6mnb8
23.56,False,face-recognition-5-deployment-59c5b6cb76-6mnb8
23.56,False,face-recognition-5-deployment-59c5b6cb76-6mnb8
23.56,False,face-recognition-5-deployment-59c5b6cb76-6mnb8
23.56,False,face-recognition-5-deployment-59c5b6cb76-6mnb8
23.56,False,face-recognition-5-deployment-59c5b6cb76-6mnb8
23.56,False,face-recognition-5-deployment-59c5b6cb76-6mnb8
23.56,False,face-recognition-5-deployment-59c5b6cb76-6mnb8
23.56,False,face-recognition-5-deployment-59c5b6cb76-6mnb8
39.68,False,face-recognition-5-deployment-59c5b6cb76-6mnb8
39.68,False,face-recognition-5-deployment-59c5b6cb76-6mnb8
39.68,True,face-recognition-5-deployment-59c5b6cb76-6mnb8
39.68,True,face-recognition-5-deployment-59c5b6cb76-6mnb8
39.68,True,face-recognition-5-deployment-59c5b6cb76-6mnb8
39.68,True,face-recognition-5-deployment-59c5b6cb76-6mnb8
39.68,True,face-recognition-5-deployment-59c5b6cb76-6mnb8
39.68,True,face-recognition-5-deployment-59c5b6cb76-6mnb8
39.68,True,face-recognition-5-deployment-59c5b6cb76-6mnb8
39.68,True,face-recognition-5-deployment-59c5b6cb76-6mnb8
39.68,True,face-recognition-5-deployment-59c5b6cb76-6mnb8
39.68,True,face-recognition-5-deployment-59c5b6cb76-6mnb8
39.68,True,face-recognition-5-deployment-59c5b6cb76-6mnb8
39.68,True,face-recognition-5-deployment-59c5b6cb76-6mnb8
39.68,True,face-recognition-5-deployment-59c5b6cb76-6mnb8
39.68,True,face-recognition-5-deployment-59c5b6cb76-6mnb8
39.68,True,face-recognition-5-deployment-59c5b6cb76-6mnb8
39.68,True,face-recognition-5-deployment-59c5b6cb76-6mnb8
39.68,True,face-recognition-5-deployment-59c5b6cb76-6mnb8
39.68,True,face-recognition-5-deployment-59c5b6cb76-6mnb8
39.68,True,face-recognition-5-deployment-59c5b6cb76-6mnb8
39.68,True,face-recognition-5-deployment-59c5b6cb76-6mnb8
39.68,True,face-recognition-5-deployment-59c5b6cb76-6mnb8
39.68,True,face-recognition-5-deployment-59c5b6cb76-6mnb8
39.68,True,face-recognition-5-deployment-59c5b6cb76-6mnb8
39.68,True,face-recognition-5-deployment-59c5b6cb76-6mnb8
39.68,True,face-recognition-5-deployment-59c5b6cb76-6mnb8
39.68,True,face-recognition-5-deployment-59c5b6cb76-6mnb8
39.68,True,face-recognition-5-deployment-59c5b6cb76-6mnb8
39.68,True,face-recognition-5-deployment-59c5b6cb76-6mnb8
39.68,True,face-recognition-5-deployment-59c5b6cb76-6mnb8
39.68,True,face-recognition-5-deployment-59c5b6cb76-6mnb8
39.68,True,face-recognition-5-deployment-59c5b6cb76-6mnb8
39.68,True,face-recognition-5-deployment-59c5b6cb76-6mnb8
33.92,True,face-recognition-5-deployment-59c5b6cb76-6mnb8
33.92,True,face-recognition-5-deployment-59c5b6cb76-6mnb8
33.92,True,face-recognition-5-deployment-59c5b6cb76-6mnb8
33.92,True,face-recognition-5-deployment-59c5b6cb76-6mnb8
33.92,True,face-recognition-5-deployment-59c5b6cb76-6mnb8
33.92,True,face-recognition-5-deployment-59c5b6cb76-6mnb8
33.92,True,face-recognition-5-deployment-59c5b6cb76-6mnb8
33.92,True,face-recognition-5-deployment-59c5b6cb76-6mnb8
33.92,True,face-recognition-5-deployment-59c5b6cb76-6mnb8
33.92,True,face-recognition-5-deployment-59c5b6cb76-6mnb8
33.92,True,face-recognition-5-deployment-59c5b6cb76-6mnb8
33.92,True,face-recognition-5-deployment-59c5b6cb76-6mnb8
33.92,True,face-recognition-5-deployment-59c5b6cb76-6mnb8
33.92,True,face-recognition-5-deployment-59c5b6cb76-6mnb8
33.92,True,face-recognition-5-deployment-59c5b6cb76-6mnb8
33.92,True,face-recognition-5-deployment-59c5b6cb76-6mnb8
33.92,True,face-recognition-5-deployment-59c5b6cb76-6mnb8
33.92,True,face-recognition-5-deployment-59c5b6cb76-6mnb8
33.92,True,face-recognition-5-deployment-59c5b6cb76-6mnb8
33.92,True,face-recognition-5-deployment-59c5b6cb76-6mnb8
33.92,True,face-recognition-5-deployment-59c5b6cb76-6mnb8
33.92,True,face-recognition-5-deployment-59c5b6cb76-6mnb8
20.39,True,face-recognition-5-deployment-59c5b6cb76-6mnb8
20.39,True,face-recognition-5-deployment-59c5b6cb76-6mnb8
20.39,True,face-recognition-5-deployment-59c5b6cb76-6mnb8
20.39,True,face-recognition-5-deployment-59c5b6cb76-6mnb8
20.39,True,face-recognition-5-deployment-59c5b6cb76-6mnb8
20.39,True,face-recognition-5-deployment-59c5b6cb76-6mnb8
20.39,True,face-recognition-5-deployment-59c5b6cb76-6mnb8
20.39,True,face-recognition-5-deployment-59c5b6cb76-6mnb8
20.39,True,face-recognition-5-deployment-59c5b6cb76-6mnb8
20.39,True,face-recognition-5-deployment-59c5b6cb76-6mnb8
20.39,True,face-recognition-5-deployment-59c5b6cb76-6mnb8
20.39,True,face-recognition-5-deployment-59c5b6cb76-6mnb8
20.39,True,face-recognition-5-deployment-59c5b6cb76-6mnb8
20.39,True,face-recognition-5-deployment-59c5b6cb76-6mnb8
20.39,True,face-recognition-5-deployment-59c5b6cb76-6mnb8
20.39,True,face-recognition-5-deployment-59c5b6cb76-6mnb8
20.39,True,face-recognition-5-deployment-59c5b6cb76-6mnb8
20.39,True,face-recognition-5-deployment-59c5b6cb76-6mnb8
20.39,True,face-recognition-5-deployment-59c5b6cb76-6mnb8
20.39,True,face-recognition-5-deployment-59c5b6cb76-6mnb8
20.39,True,face-recognition-5-deployment-59c5b6cb76-6mnb8
20.39,True,face-recognition-5-deployment-59c5b6cb76-6mnb8
20.39,True,face-recognition-5-deployment-59c5b6cb76-6mnb8
20.39,True,face-recognition-5-deployment-59c5b6cb76-6mnb8
20.39,True,face-recognition-5-deployment-59c5b6cb76-6mnb8
20.39,True,face-recognition-5-deployment-59c5b6cb76-6mnb8
20.39,True,face-recognition-5-deployment-59c5b6cb76-6mnb8
20.39,True,face-recognition-5-deployment-59c5b6cb76-6mnb8
20.39,True,face-recognition-5-deployment-59c5b6cb76-6mnb8
20.39,True,face-recognition-5-deployment-59c5b6cb76-6mnb8
28.34,True,face-recognition-5-deployment-59c5b6cb76-6mnb8
28.34,True,face-recognition-5-deployment-59c5b6cb76-6mnb8
28.34,True,face-recognition-5-deployment-59c5b6cb76-6mnb8
28.34,True,face-recognition-5-deployment-59c5b6cb76-6mnb8
28.34,True,face-recognition-5-deployment-59c5b6cb76-6mnb8
28.34,True,face-recognition-5-deployment-59c5b6cb76-6mnb8
28.34,True,face-recognition-5-deployment-59c5b6cb76-6mnb8
28.34,True,face-recognition-5-deployment-59c5b6cb76-6mnb8
28.34,True,face-recognition-5-deployment-59c5b6cb76-6mnb8
28.34,True,face-recognition-5-deployment-59c5b6cb76-6mnb8
28.34,True,face-recognition-5-deployment-59c5b6cb76-6mnb8
28.34,True,face-recognition-5-deployment-59c5b6cb76-6mnb8
28.34,True,face-recognition-5-deployment-59c5b6cb76-6mnb8
28.34,True,face-recognition-5-deployment-59c5b6cb76-6mnb8
28.34,True,face-recognition-5-deployment-59c5b6cb76-6mnb8
28.34,True,face-recognition-5-deployment-59c5b6cb76-6mnb8
28.34,True,face-recognition-5-deployment-59c5b6cb76-6mnb8
28.34,True,face-recognition-5-deployment-59c5b6cb76-6mnb8
28.34,True,face-recognition-5-deployment-59c5b6cb76-6mnb8
28.34,True,face-recognition-5-deployment-59c5b6cb76-6mnb8
28.34,True,face-recognition-5-deployment-59c5b6cb76-6mnb8
28.34,True,face-recognition-5-deployment-59c5b6cb76-6mnb8
28.34,True,face-recognition-5-deployment-59c5b6cb76-6mnb8
28.34,True,face-recognition-5-deployment-59c5b6cb76-6mnb8
23.48,True,face-recognition-5-deployment-59c5b6cb76-6mnb8
23.48,True,face-recognition-5-deployment-59c5b6cb76-6mnb8
23.48,True,face-recognition-5-deployment-59c5b6cb76-6mnb8
23.48,True,face-recognition-5-deployment-59c5b6cb76-6mnb8
23.48,True,face-recognition-5-deployment-59c5b6cb76-6mnb8
23.48,True,face-recognition-5-deployment-59c5b6cb76-6mnb8
23.48,True,face-recognition-5-deployment-59c5b6cb76-6mnb8
23.48,True,face-recognition-5-deployment-59c5b6cb76-6mnb8
23.48,True,face-recognition-5-deployment-59c5b6cb76-6mnb8
23.48,True,face-recognition-5-deployment-59c5b6cb76-6mnb8
23.48,True,face-recognition-5-deployment-59c5b6cb76-6mnb8
23.48,True,face-recognition-5-deployment-59c5b6cb76-6mnb8
23.48,True,face-recognition-5-deployment-59c5b6cb76-6mnb8
23.48,True,face-recognition-5-deployment-59c5b6cb76-6mnb8
23.48,True,face-recognition-5-deployment-59c5b6cb76-6mnb8
23.48,True,face-recognition-5-deployment-59c5b6cb76-6mnb8
23.48,True,face-recognition-5-deployment-59c5b6cb76-6mnb8
23.48,True,face-recognition-5-deployment-59c5b6cb76-6mnb8
23.48,True,face-recognition-5-deployment-59c5b6cb76-6mnb8
23.48,True,face-recognition-5-deployment-59c5b6cb76-6mnb8
23.48,True,face-recognition-5-deployment-59c5b6cb76-6mnb8
23.48,True,face-recognition-5-deployment-59c5b6cb76-6mnb8
23.48,True,face-recognition-5-deployment-59c5b6cb76-6mnb8
23.48,True,face-recognition-5-deployment-59c5b6cb76-6mnb8
23.48,True,face-recognition-5-deployment-59c5b6cb76-6mnb8
23.48,True,face-recognition-5-deployment-59c5b6cb76-6mnb8
23.48,True,face-recognition-5-deployment-59c5b6cb76-6mnb8
23.48,True,face-recognition-5-deployment-59c5b6cb76-6mnb8
23.48,True,face-recognition-5-deployment-59c5b6cb76-6mnb8
23.48,True,face-recognition-5-deployment-59c5b6cb76-6mnb8
23.48,True,face-recognition-5-deployment-59c5b6cb76-6mnb8
23.48,True,face-recognition-5-deployment-59c5b6cb76-6mnb8
31.71,True,face-recognition-5-deployment-59c5b6cb76-6mnb8
31.71,True,face-recognition-5-deployment-59c5b6cb76-6mnb8
31.71,True,face-recognition-5-deployment-59c5b6cb76-6mnb8
31.71,True,face-recognition-5-deployment-59c5b6cb76-6mnb8
31.71,True,face-recognition-5-deployment-59c5b6cb76-6mnb8
31.71,True,face-recognition-5-deployment-59c5b6cb76-6mnb8
31.71,True,face-recognition-5-deployment-59c5b6cb76-6mnb8
31.71,True,face-recognition-5-deployment-59c5b6cb76-6mnb8
31.71,True,face-recognition-5-deployment-59c5b6cb76-6mnb8
31.71,True,face-recognition-5-deployment-59c5b6cb76-6mnb8
31.71,True,face-recognition-5-deployment-59c5b6cb76-6mnb8
31.71,True,face-recognition-5-deployment-59c5b6cb76-6mnb8
31.71,True,face-recognition-5-deployment-59c5b6cb76-6mnb8
31.71,True,face-recognition-5-deployment-59c5b6cb76-6mnb8
31.71,True,face-recognition-5-deployment-59c5b6cb76-6mnb8
31.71,True,face-recognition-5-deployment-59c5b6cb76-6mnb8
31.71,True,face-recognition-5-deployment-59c5b6cb76-6mnb8
31.71,True,face-recognition-5-deployment-59c5b6cb76-6mnb8
31.71,True,face-recognition-5-deployment-59c5b6cb76-6mnb8
31.71,True,face-recognition-5-deployment-59c5b6cb76-6mnb8
31.71,True,face-recognition-5-deployment-59c5b6cb76-6mnb8
31.71,True,face-recognition-5-deployment-59c5b6cb76-6mnb8
31.71,True,face-recognition-5-deployment-59c5b6cb76-6mnb8
31.71,True,face-recognition-5-deployment-59c5b6cb76-6mnb8
31.71,True,face-recognition-5-deployment-59c5b6cb76-6mnb8
31.71,True,face-recognition-5-deployment-59c5b6cb76-6mnb8
31.71,True,face-recognition-5-deployment-59c5b6cb76-6mnb8
31.71,True,face-recognition-5-deployment-59c5b6cb76-6mnb8
31.71,True,face-recognition-5-deployment-59c5b6cb76-6mnb8
31.71,True,face-recognition-5-deployment-59c5b6cb76-6mnb8
31.71,True,face-recognition-5-deployment-59c5b6cb76-6mnb8
31.71,True,face-recognition-5-deployment-59c5b6cb76-6mnb8
31.71,True,face-recognition-5-deployment-59c5b6cb76-6mnb8
31.71,True,face-recognition-5-deployment-59c5b6cb76-6mnb8
31.71,True,face-recognition-5-deployment-59c5b6cb76-6mnb8
31.71,True,face-recognition-5-deployment-59c5b6cb76-6mnb8
31.71,True,face-recognition-5-deployment-59c5b6cb76-6mnb8
31.71,True,face-recognition-5-deployment-59c5b6cb76-6mnb8
31.71,True,face-recognition-5-deployment-59c5b6cb76-6mnb8
31.71,True,face-recognition-5-deployment-59c5b6cb76-6mnb8
31.71,True,face-recognition-5-deployment-59c5b6cb76-6mnb8
31.71,True,face-recognition-5-deployment-59c5b6cb76-6mnb8
31.71,True,face-recognition-5-deployment-59c5b6cb76-6mnb8
31.71,True,face-recognition-5-deployment-59c5b6cb76-6mnb8
31.71,True,face-recognition-5-deployment-59c5b6cb76-6mnb8
31.71,True,face-recognition-5-deployment-59c5b6cb76-6mnb8
31.71,True,face-recognition-5-deployment-59c5b6cb76-6mnb8
31.71,True,face-recognition-5-deployment-59c5b6cb76-6mnb8
31.71,True,face-recognition-5-deployment-59c5b6cb76-6mnb8
31.71,True,face-recognition-5-deployment-59c5b6cb76-6mnb8
49.81,True,face-recognition-5-deployment-59c5b6cb76-6mnb8
49.81,True,face-recognition-5-deployment-59c5b6cb76-6mnb8
49.81,True,face-recognition-5-deployment-59c5b6cb76-6mnb8
49.81,True,face-recognition-5-deployment-59c5b6cb76-6mnb8
49.81,True,face-recognition-5-deployment-59c5b6cb76-6mnb8
49.81,True,face-recognition-5-deployment-59c5b6cb76-6mnb8
49.81,True,face-recognition-5-deployment-59c5b6cb76-6mnb8
49.81,True,face-recognition-5-deployment-59c5b6cb76-6mnb8
49.81,True,face-recognition-5-deployment-59c5b6cb76-6mnb8
49.81,True,face-recognition-5-deployment-59c5b6cb76-6mnb8
49.81,True,face-recognition-5-deployment-59c5b6cb76-6mnb8
49.81,True,face-recognition-5-deployment-59c5b6cb76-6mnb8
49.81,True,face-recognition-5-deployment-59c5b6cb76-6mnb8
49.81,True,face-recognition-5-deployment-59c5b6cb76-6mnb8
49.81,True,face-recognition-5-deployment-59c5b6cb76-6mnb8
49.81,True,face-recognition-5-deployment-59c5b6cb76-6mnb8
49.81,True,face-recognition-5-deployment-59c5b6cb76-6mnb8
49.81,True,face-recognition-5-deployment-59c5b6cb76-6mnb8
49.81,True,face-recognition-5-deployment-59c5b6cb76-6mnb8
49.81,True,face-recognition-5-deployment-59c5b6cb76-6mnb8
49.81,True,face-recognition-5-deployment-59c5b6cb76-6mnb8
49.81,True,face-recognition-5-deployment-59c5b6cb76-6mnb8
49.81,True,face-recognition-5-deployment-59c5b6cb76-6mnb8
49.81,True,face-recognition-5-deployment-59c5b6cb76-6mnb8
23.99,True,face-recognition-5-deployment-59c5b6cb76-6mnb8
23.99,True,face-recognition-5-deployment-59c5b6cb76-6mnb8
23.99,True,face-recognition-5-deployment-59c5b6cb76-6mnb8
23.99,True,face-recognition-5-deployment-59c5b6cb76-6mnb8
23.99,True,face-recognition-5-deployment-59c5b6cb76-6mnb8
23.99,True,face-recognition-5-deployment-59c5b6cb76-6mnb8
23.99,True,face-recognition-5-deployment-59c5b6cb76-6mnb8
23.99,True,face-recognition-5-deployment-59c5b6cb76-6mnb8
23.99,True,face-recognition-5-deployment-59c5b6cb76-6mnb8
23.99,True,face-recognition-5-deployment-59c5b6cb76-6mnb8
23.99,True,face-recognition-5-deployment-59c5b6cb76-6mnb8
23.99,True,face-recognition-5-deployment-59c5b6cb76-6mnb8
23.99,True,face-recognition-5-deployment-59c5b6cb76-6mnb8
23.99,True,face-recognition-5-deployment-59c5b6cb76-6mnb8
23.99,True,face-recognition-5-deployment-59c5b6cb76-6mnb8
23.99,True,face-recognition-5-deployment-59c5b6cb76-6mnb8
23.99,True,face-recognition-5-deployment-59c5b6cb76-6mnb8
23.99,True,face-recognition-5-deployment-59c5b6cb76-6mnb8
23.99,True,face-recognition-5-deployment-59c5b6cb76-6mnb8
23.99,True,face-recognition-5-deployment-59c5b6cb76-6mnb8
23.99,True,face-recognition-5-deployment-59c5b6cb76-6mnb8
23.99,True,face-recognition-5-deployment-59c5b6cb76-6mnb8
23.99,True,face-recognition-5-deployment-59c5b6cb76-6mnb8
23.99,True,face-recognition-5-deployment-59c5b6cb76-6mnb8
23.99,True,face-recognition-5-deployment-59c5b6cb76-6mnb8
23.99,True,face-recognition-5-deployment-59c5b6cb76-6mnb8
23.99,True,face-recognition-5-deployment-59c5b6cb76-6mnb8
23.99,True,face-recognition-5-deployment-59c5b6cb76-6mnb8
23.99,True,face-recognition-5-deployment-59c5b6cb76-6mnb8
23.99,True,face-recognition-5-deployment-59c5b6cb76-6mnb8
23.99,True,face-recognition-5-deployment-59c5b6cb76-6mnb8
23.99,True,face-recognition-5-deployment-59c5b6cb76-6mnb8
23.99,True,face-recognition-5-deployment-59c5b6cb76-6mnb8
23.99,True,face-recognition-5-deployment-59c5b6cb76-6mnb8
23.99,True,face-recognition-5-deployment-59c5b6cb76-6mnb8
23.99,True,face-recognition-5-deployment-59c5b6cb76-6mnb8
23.99,True,face-recognition-5-deployment-59c5b6cb76-6mnb8
23.99,True,face-recognition-5-deployment-59c5b6cb76-6mnb8
23.99,True,face-recognition-5-deployment-59c5b6cb76-6mnb8
23.99,True,face-recognition-5-deployment-59c5b6cb76-6mnb8
38.33,True,face-recognition-5-deployment-59c5b6cb76-6mnb8
38.33,True,face-recognition-5-deployment-59c5b6cb76-6mnb8
38.33,True,face-recognition-5-deployment-59c5b6cb76-6mnb8
38.33,True,face-recognition-5-deployment-59c5b6cb76-6mnb8
38.33,True,face-recognition-5-deployment-59c5b6cb76-6mnb8
38.33,True,face-recognition-5-deployment-59c5b6cb76-6mnb8
38.33,True,face-recognition-5-deployment-59c5b6cb76-6mnb8
38.33,True,face-recognition-5-deployment-59c5b6cb76-6mnb8
38.33,True,face-recognition-5-deployment-59c5b6cb76-6mnb8
38.33,True,face-recognition-5-deployment-59c5b6cb76-6mnb8
38.33,True,face-recognition-5-deployment-59c5b6cb76-6mnb8
38.33,True,face-recognition-5-deployment-59c5b6cb76-6mnb8
38.33,True,face-recognition-5-deployment-59c5b6cb76-6mnb8
38.33,True,face-recognition-5-deployment-59c5b6cb76-6mnb8
38.33,True,face-recognition-5-deployment-59c5b6cb76-6mnb8
38.33,True,face-recognition-5-deployment-59c5b6cb76-6mnb8
38.33,True,face-recognition-5-deployment-59c5b6cb76-6mnb8
38.33,True,face-recognition-5-deployment-59c5b6cb76-6mnb8
38.33,True,face-recognition-5-deployment-59c5b6cb76-6mnb8
38.33,True,face-recognition-5-deployment-59c5b6cb76-6mnb8
38.33,True,face-recognition-5-deployment-59c5b6cb76-6mnb8
38.33,True,face-recognition-5-deployment-59c5b6cb76-6mnb8
38.33,True,face-recognition-5-deployment-59c5b6cb76-6mnb8
38.33,True,face-recognition-5-deployment-59c5b6cb76-6mnb8
38.33,True,face-recognition-5-deployment-59c5b6cb76-6mnb8
38.33,True,face-recognition-5-deployment-59c5b6cb76-6mnb8
38.33,True,face-recognition-5-deployment-59c5b6cb76-6mnb8
38.33,True,face-recognition-5-deployment-59c5b6cb76-6mnb8
38.33,True,face-recognition-5-deployment-59c5b6cb76-6mnb8
38.33,True,face-recognition-5-deployment-59c5b6cb76-6mnb8
28.54,True,face-recognition-5-deployment-59c5b6cb76-6mnb8
28.54,True,face-recognition-5-deployment-59c5b6cb76-6mnb8
28.54,True,face-recognition-5-deployment-59c5b6cb76-6mnb8
28.54,True,face-recognition-5-deployment-59c5b6cb76-6mnb8
28.54,True,face-recognition-5-deployment-59c5b6cb76-6mnb8
28.54,True,face-recognition-5-deployment-59c5b6cb76-6mnb8
28.54,True,face-recognition-5-deployment-59c5b6cb76-6mnb8
28.54,True,face-recognition-5-deployment-59c5b6cb76-6mnb8
28.54,True,face-recognition-5-deployment-59c5b6cb76-6mnb8
28.54,True,face-recognition-5-deployment-59c5b6cb76-6mnb8
28.54,True,face-recognition-5-deployment-59c5b6cb76-6mnb8
28.54,True,face-recognition-5-deployment-59c5b6cb76-6mnb8
28.54,True,face-recognition-5-deployment-59c5b6cb76-6mnb8
28.54,True,face-recognition-5-deployment-59c5b6cb76-6mnb8
28.54,True,face-recognition-5-deployment-59c5b6cb76-6mnb8
28.54,True,face-recognition-5-deployment-59c5b6cb76-6mnb8
28.54,True,face-recognition-5-deployment-59c5b6cb76-6mnb8
28.54,True,face-recognition-5-deployment-59c5b6cb76-6mnb8
28.54,True,face-recognition-5-deployment-59c5b6cb76-6mnb8
28.54,True,face-recognition-5-deployment-59c5b6cb76-6mnb8
28.54,True,face-recognition-5-deployment-59c5b6cb76-6mnb8
28.54,True,face-recognition-5-deployment-59c5b6cb76-6mnb8
28.54,True,face-recognition-5-deployment-59c5b6cb76-6mnb8
28.54,True,face-recognition-5-deployment-59c5b6cb76-6mnb8
23.51,True,face-recognition-5-deployment-59c5b6cb76-6mnb8
23.51,True,face-recognition-5-deployment-59c5b6cb76-6mnb8
23.51,True,face-recognition-5-deployment-59c5b6cb76-6mnb8
23.51,True,face-recognition-5-deployment-59c5b6cb76-6mnb8
23.51,True,face-recognition-5-deployment-59c5b6cb76-6mnb8
23.51,True,face-recognition-5-deployment-59c5b6cb76-6mnb8
23.51,True,face-recognition-5-deployment-59c5b6cb76-6mnb8
23.51,True,face-recognition-5-deployment-59c5b6cb76-6mnb8
23.51,True,face-recognition-5-deployment-59c5b6cb76-6mnb8
23.51,True,face-recognition-5-deployment-59c5b6cb76-6mnb8
23.51,True,face-recognition-5-deployment-59c5b6cb76-6mnb8
23.51,True,face-recognition-5-deployment-59c5b6cb76-6mnb8
23.51,True,face-recognition-5-deployment-59c5b6cb76-6mnb8
23.51,True,face-recognition-5-deployment-59c5b6cb76-6mnb8
23.51,True,face-recognition-5-deployment-59c5b6cb76-6mnb8
23.51,True,face-recognition-5-deployment-59c5b6cb76-6mnb8
23.51,True,face-recognition-5-deployment-59c5b6cb76-6mnb8
23.51,True,face-recognition-5-deployment-59c5b6cb76-6mnb8
23.51,True,face-recognition-5-deployment-59c5b6cb76-6mnb8
23.51,True,face-recognition-5-deployment-59c5b6cb76-6mnb8
23.51,True,face-recognition-5-deployment-59c5b6cb76-6mnb8
23.51,True,face-recognition-5-deployment-59c5b6cb76-6mnb8
23.51,True,face-recognition-5-deployment-59c5b6cb76-6mnb8
23.51,True,face-recognition-5-deployment-59c5b6cb76-6mnb8
22.39,True,face-recognition-5-deployment-59c5b6cb76-6mnb8
22.39,True,face-recognition-5-deployment-59c5b6cb76-6mnb8
22.39,True,face-recognition-5-deployment-59c5b6cb76-6mnb8
22.39,True,face-recognition-5-deployment-59c5b6cb76-6mnb8
22.39,True,face-recognition-5-deployment-59c5b6cb76-6mnb8
22.39,True,face-recognition-5-deployment-59c5b6cb76-6mnb8
22.39,True,face-recognition-5-deployment-59c5b6cb76-6mnb8
22.39,True,face-recognition-5-deployment-59c5b6cb76-6mnb8
22.39,True,face-recognition-5-deployment-59c5b6cb76-6mnb8
22.39,True,face-recognition-5-deployment-59c5b6cb76-6mnb8
22.39,True,face-recognition-5-deployment-59c5b6cb76-6mnb8
22.39,True,face-recognition-5-deployment-59c5b6cb76-6mnb8
22.39,True,face-recognition-5-deployment-59c5b6cb76-6mnb8
22.39,True,face-recognition-5-deployment-59c5b6cb76-6mnb8
22.39,True,face-recognition-5-deployment-59c5b6cb76-6mnb8
22.39,True,face-recognition-5-deployment-59c5b6cb76-6mnb8
22.39,True,face-recognition-5-deployment-59c5b6cb76-6mnb8
22.39,True,face-recognition-5-deployment-59c5b6cb76-6mnb8
22.39,True,face-recognition-5-deployment-59c5b6cb76-6mnb8
22.39,True,face-recognition-5-deployment-59c5b6cb76-6mnb8
22.39,True,face-recognition-5-deployment-59c5b6cb76-6mnb8
22.39,True,face-recognition-5-deployment-59c5b6cb76-6mnb8
22.39,True,face-recognition-5-deployment-59c5b6cb76-6mnb8
22.39,True,face-recognition-5-deployment-59c5b6cb76-6mnb8
22.39,True,face-recognition-5-deployment-59c5b6cb76-6mnb8
22.39,True,face-recognition-5-deployment-59c5b6cb76-6mnb8
22.39,True,face-recognition-5-deployment-59c5b6cb76-6mnb8
22.39,True,face-recognition-5-deployment-59c5b6cb76-6mnb8
22.39,True,face-recognition-5-deployment-59c5b6cb76-6mnb8
22.39,True,face-recognition-5-deployment-59c5b6cb76-6mnb8
22.39,True,face-recognition-5-deployment-59c5b6cb76-6mnb8
22.39,True,face-recognition-5-deployment-59c5b6cb76-6mnb8
31.47,True,face-recognition-5-deployment-59c5b6cb76-6mnb8
31.47,True,face-recognition-5-deployment-59c5b6cb76-6mnb8
31.47,True,face-recognition-5-deployment-59c5b6cb76-6mnb8
31.47,True,face-recognition-5-deployment-59c5b6cb76-6mnb8
31.47,True,face-recognition-5-deployment-59c5b6cb76-6mnb8
31.47,True,face-recognition-5-deployment-59c5b6cb76-6mnb8
31.47,True,face-recognition-5-deployment-59c5b6cb76-6mnb8
31.47,True,face-recognition-5-deployment-59c5b6cb76-6mnb8
31.47,True,face-recognition-5-deployment-59c5b6cb76-6mnb8
31.47,True,face-recognition-5-deployment-59c5b6cb76-6mnb8
31.47,True,face-recognition-5-deployment-59c5b6cb76-6mnb8
31.47,True,face-recognition-5-deployment-59c5b6cb76-6mnb8
31.47,True,face-recognition-5-deployment-59c5b6cb76-6mnb8
31.47,True,face-recognition-5-deployment-59c5b6cb76-6mnb8
31.47,True,face-recognition-5-deployment-59c5b6cb76-6mnb8
31.47,True,face-recognition-5-deployment-59c5b6cb76-6mnb8
31.47,True,face-recognition-5-deployment-59c5b6cb76-6mnb8
31.47,True,face-recognition-5-deployment-59c5b6cb76-6mnb8
31.47,True,face-recognition-5-deployment-59c5b6cb76-6mnb8
31.47,True,face-recognition-5-deployment-59c5b6cb76-6mnb8
31.47,True,face-recognition-5-deployment-59c5b6cb76-6mnb8
31.47,True,face-recognition-5-deployment-59c5b6cb76-6mnb8
31.47,True,face-recognition-5-deployment-59c5b6cb76-6mnb8
31.47,True,face-recognition-5-deployment-59c5b6cb76-6mnb8
31.47,True,face-recognition-5-deployment-59c5b6cb76-6mnb8
31.47,True,face-recognition-5-deployment-59c5b6cb76-6mnb8
31.47,True,face-recognition-5-deployment-59c5b6cb76-6mnb8
31.47,True,face-recognition-5-deployment-59c5b6cb76-6mnb8
31.47,True,face-recognition-5-deployment-59c5b6cb76-6mnb8
31.47,True,face-recognition-5-deployment-59c5b6cb76-6mnb8
31.47,True,face-recognition-5-deployment-59c5b6cb76-6mnb8
31.47,True,face-recognition-5-deployment-59c5b6cb76-6mnb8
31.47,True,face-recognition-5-deployment-59c5b6cb76-6mnb8
31.47,True,face-recognition-5-deployment-59c5b6cb76-6mnb8
31.47,True,face-recognition-5-deployment-59c5b6cb76-6mnb8
31.47,True,face-recognition-5-deployment-59c5b6cb76-6mnb8
31.47,True,face-recognition-5-deployment-59c5b6cb76-6mnb8
31.47,True,face-recognition-5-deployment-59c5b6cb76-6mnb8
31.47,True,face-recognition-5-deployment-59c5b6cb76-6mnb8
31.47,True,face-recognition-5-deployment-59c5b6cb76-6mnb8
31.47,True,face-recognition-5-deployment-59c5b6cb76-6mnb8
31.47,True,face-recognition-5-deployment-59c5b6cb76-6mnb8
31.47,True,face-recognition-5-deployment-59c5b6cb76-6mnb8
31.47,True,face-recognition-5-deployment-59c5b6cb76-6mnb8
43.86,True,face-recognition-5-deployment-59c5b6cb76-6mnb8
43.86,True,face-recognition-5-deployment-59c5b6cb76-6mnb8
43.86,True,face-recognition-5-deployment-59c5b6cb76-6mnb8
43.86,True,face-recognition-5-deployment-59c5b6cb76-6mnb8
43.86,True,face-recognition-5-deployment-59c5b6cb76-6mnb8
43.86,True,face-recognition-5-deployment-59c5b6cb76-6mnb8
43.86,True,face-recognition-5-deployment-59c5b6cb76-6mnb8
43.86,True,face-recognition-5-deployment-59c5b6cb76-6mnb8
43.86,True,face-recognition-5-deployment-59c5b6cb76-6mnb8
43.86,True,face-recognition-5-deployment-59c5b6cb76-6mnb8
43.86,True,face-recognition-5-deployment-59c5b6cb76-6mnb8
43.86,True,face-recognition-5-deployment-59c5b6cb76-6mnb8
43.86,True,face-recognition-5-deployment-59c5b6cb76-6mnb8
43.86,True,face-recognition-5-deployment-59c5b6cb76-6mnb8
43.86,True,face-recognition-5-deployment-59c5b6cb76-6mnb8
43.86,True,face-recognition-5-deployment-59c5b6cb76-6mnb8
43.86,True,face-recognition-5-deployment-59c5b6cb76-6mnb8
43.86,True,face-recognition-5-deployment-59c5b6cb76-6mnb8
43.86,True,face-recognition-5-deployment-59c5b6cb76-6mnb8
43.86,True,face-recognition-5-deployment-59c5b6cb76-6mnb8
18.52,True,face-recognition-5-deployment-59c5b6cb76-6mnb8
18.52,True,face-recognition-5-deployment-59c5b6cb76-6mnb8
18.52,True,face-recognition-5-deployment-59c5b6cb76-6mnb8
18.52,True,face-recognition-5-deployment-59c5b6cb76-6mnb8
18.52,True,face-recognition-5-deployment-59c5b6cb76-6mnb8
18.52,True,face-recognition-5-deployment-59c5b6cb76-6mnb8
18.52,True,face-recognition-5-deployment-59c5b6cb76-6mnb8
18.52,True,face-recognition-5-deployment-59c5b6cb76-6mnb8
18.52,True,face-recognition-5-deployment-59c5b6cb76-6mnb8
18.52,True,face-recognition-5-deployment-59c5b6cb76-6mnb8
18.52,True,face-recognition-5-deployment-59c5b6cb76-6mnb8
18.52,True,face-recognition-5-deployment-59c5b6cb76-6mnb8
18.52,True,face-recognition-5-deployment-59c5b6cb76-6mnb8
18.52,True,face-recognition-5-deployment-59c5b6cb76-6mnb8
18.52,True,face-recognition-5-deployment-59c5b6cb76-6mnb8
18.52,True,face-recognition-5-deployment-59c5b6cb76-6mnb8
18.52,True,face-recognition-5-deployment-59c5b6cb76-6mnb8
18.52,True,face-recognition-5-deployment-59c5b6cb76-6mnb8
18.52,True,face-recognition-5-deployment-59c5b6cb76-6mnb8
18.52,True,face-recognition-5-deployment-59c5b6cb76-6mnb8
18.52,True,face-recognition-5-deployment-59c5b6cb76-6mnb8
18.52,True,face-recognition-5-deployment-59c5b6cb76-6mnb8
18.52,True,face-recognition-5-deployment-59c5b6cb76-6mnb8
18.52,True,face-recognition-5-deployment-59c5b6cb76-6mnb8
18.52,True,face-recognition-5-deployment-59c5b6cb76-6mnb8
18.52,True,face-recognition-5-deployment-59c5b6cb76-6mnb8
18.52,True,face-recognition-5-deployment-59c5b6cb76-6mnb8
18.52,True,face-recognition-5-deployment-59c5b6cb76-6mnb8
18.52,True,face-recognition-5-deployment-59c5b6cb76-6mnb8
18.52,True,face-recognition-5-deployment-59c5b6cb76-6mnb8
18.52,True,face-recognition-5-deployment-59c5b6cb76-6mnb8
18.52,True,face-recognition-5-deployment-59c5b6cb76-6mnb8
18.52,True,face-recognition-5-deployment-59c5b6cb76-6mnb8
18.52,True,face-recognition-5-deployment-59c5b6cb76-6mnb8
18.52,True,face-recognition-5-deployment-59c5b6cb76-6mnb8
18.52,True,face-recognition-5-deployment-59c5b6cb76-6mnb8
18.52,True,face-recognition-5-deployment-59c5b6cb76-6mnb8
18.52,True,face-recognition-5-deployment-59c5b6cb76-6mnb8
18.52,True,face-recognition-5-deployment-59c5b6cb76-6mnb8
18.52,True,face-recognition-5-deployment-59c5b6cb76-6mnb8
18.52,True,face-recognition-5-deployment-59c5b6cb76-6mnb8
18.52,True,face-recognition-5-deployment-59c5b6cb76-6mnb8
39.28,True,face-recognition-5-deployment-59c5b6cb76-6mnb8
39.28,True,face-recognition-5-deployment-59c5b6cb76-6mnb8
39.28,True,face-recognition-5-deployment-59c5b6cb76-6mnb8
39.28,True,face-recognition-5-deployment-59c5b6cb76-6mnb8
39.28,True,face-recognition-5-deployment-59c5b6cb76-6mnb8
39.28,True,face-recognition-5-deployment-59c5b6cb76-6mnb8
39.28,True,face-recognition-5-deployment-59c5b6cb76-6mnb8
39.28,True,face-recognition-5-deployment-59c5b6cb76-6mnb8
39.28,True,face-recognition-5-deployment-59c5b6cb76-6mnb8
39.28,True,face-recognition-5-deployment-59c5b6cb76-6mnb8
39.28,True,face-recognition-5-deployment-59c5b6cb76-6mnb8
39.28,True,face-recognition-5-deployment-59c5b6cb76-6mnb8
39.28,True,face-recognition-5-deployment-59c5b6cb76-6mnb8
39.28,True,face-recognition-5-deployment-59c5b6cb76-6mnb8
39.28,True,face-recognition-5-deployment-59c5b6cb76-6mnb8
39.28,True,face-recognition-5-deployment-59c5b6cb76-6mnb8
39.28,True,face-recognition-5-deployment-59c5b6cb76-6mnb8
39.28,True,face-recognition-5-deployment-59c5b6cb76-6mnb8
39.28,True,face-recognition-5-deployment-59c5b6cb76-6mnb8
39.28,True,face-recognition-5-deployment-59c5b6cb76-6mnb8
39.28,True,face-recognition-5-deployment-59c5b6cb76-6mnb8
39.28,True,face-recognition-5-deployment-59c5b6cb76-6mnb8
21.09,True,face-recognition-5-deployment-59c5b6cb76-6mnb8
21.09,True,face-recognition-5-deployment-59c5b6cb76-6mnb8
21.09,True,face-recognition-5-deployment-59c5b6cb76-6mnb8
21.09,True,face-recognition-5-deployment-59c5b6cb76-6mnb8
21.09,True,face-recognition-5-deployment-59c5b6cb76-6mnb8
21.09,True,face-recognition-5-deployment-59c5b6cb76-6mnb8
21.09,True,face-recognition-5-deployment-59c5b6cb76-6mnb8
21.09,True,face-recognition-5-deployment-59c5b6cb76-6mnb8
21.09,True,face-recognition-5-deployment-59c5b6cb76-6mnb8
21.09,True,face-recognition-5-deployment-59c5b6cb76-6mnb8
21.09,True,face-recognition-5-deployment-59c5b6cb76-6mnb8
21.09,True,face-recognition-5-deployment-59c5b6cb76-6mnb8
21.09,True,face-recognition-5-deployment-59c5b6cb76-6mnb8
21.09,True,face-recognition-5-deployment-59c5b6cb76-6mnb8
21.09,True,face-recognition-5-deployment-59c5b6cb76-6mnb8
21.09,True,face-recognition-5-deployment-59c5b6cb76-6mnb8
21.09,True,face-recognition-5-deployment-59c5b6cb76-6mnb8
21.09,True,face-recognition-5-deployment-59c5b6cb76-6mnb8
21.09,True,face-recognition-5-deployment-59c5b6cb76-6mnb8
21.09,True,face-recognition-5-deployment-59c5b6cb76-6mnb8
21.09,True,face-recognition-5-deployment-59c5b6cb76-6mnb8
21.09,True,face-recognition-5-deployment-59c5b6cb76-6mnb8
21.09,True,face-recognition-5-deployment-59c5b6cb76-6mnb8
21.09,True,face-recognition-5-deployment-59c5b6cb76-6mnb8
21.09,True,face-recognition-5-deployment-59c5b6cb76-6mnb8
21.09,True,face-recognition-5-deployment-59c5b6cb76-6mnb8
21.09,True,face-recognition-5-deployment-59c5b6cb76-6mnb8
21.09,True,face-recognition-5-deployment-59c5b6cb76-6mnb8
21.09,True,face-recognition-5-deployment-59c5b6cb76-6mnb8
21.09,True,face-recognition-5-deployment-59c5b6cb76-6mnb8
21.09,True,face-recognition-5-deployment-59c5b6cb76-6mnb8
21.09,True,face-recognition-5-deployment-59c5b6cb76-6mnb8
21.09,True,face-recognition-5-deployment-59c5b6cb76-6mnb8
21.09,True,face-recognition-5-deployment-59c5b6cb76-6mnb8
21.09,True,face-recognition-5-deployment-59c5b6cb76-6mnb8
21.09,True,face-recognition-5-deployment-59c5b6cb76-6mnb8
21.09,True,face-recognition-5-deployment-59c5b6cb76-6mnb8
21.09,True,face-recognition-5-deployment-59c5b6cb76-6mnb8
21.09,True,face-recognition-5-deployment-59c5b6cb76-6mnb8
21.09,True,face-recognition-5-deployment-59c5b6cb76-6mnb8
21.09,True,face-recognition-5-deployment-59c5b6cb76-6mnb8
21.09,True,face-recognition-5-deployment-59c5b6cb76-6mnb8
41.87,True,face-recognition-5-deployment-59c5b6cb76-6mnb8
41.87,True,face-recognition-5-deployment-59c5b6cb76-6mnb8
41.87,True,face-recognition-5-deployment-59c5b6cb76-6mnb8
41.87,True,face-recognition-5-deployment-59c5b6cb76-6mnb8
41.87,True,face-recognition-5-deployment-59c5b6cb76-6mnb8
41.87,True,face-recognition-5-deployment-59c5b6cb76-6mnb8
41.87,True,face-recognition-5-deployment-59c5b6cb76-6mnb8
41.87,True,face-recognition-5-deployment-59c5b6cb76-6mnb8
41.87,True,face-recognition-5-deployment-59c5b6cb76-6mnb8
41.87,True,face-recognition-5-deployment-59c5b6cb76-6mnb8
0.0,source-streaming-5-deployment-86b99c47f4-szh8p
0.0,source-streaming-5-deployment-86b99c47f4-szh8p
19.0,source-streaming-5-deployment-86b99c47f4-szh8p
14.0,source-streaming-5-deployment-86b99c47f4-szh8p
24.0,source-streaming-5-deployment-86b99c47f4-szh8p
20.0,source-streaming-5-deployment-86b99c47f4-szh8p
26.0,source-streaming-5-deployment-86b99c47f4-szh8p
23.0,source-streaming-5-deployment-86b99c47f4-szh8p
27.0,source-streaming-5-deployment-86b99c47f4-szh8p
24.0,source-streaming-5-deployment-86b99c47f4-szh8p
28.0,source-streaming-5-deployment-86b99c47f4-szh8p
25.0,source-streaming-5-deployment-86b99c47f4-szh8p
28.0,source-streaming-5-deployment-86b99c47f4-szh8p
26.0,source-streaming-5-deployment-86b99c47f4-szh8p
28.0,source-streaming-5-deployment-86b99c47f4-szh8p
27.0,source-streaming-5-deployment-86b99c47f4-szh8p
29.0,source-streaming-5-deployment-86b99c47f4-szh8p
27.0,source-streaming-5-deployment-86b99c47f4-szh8p
29.0,source-streaming-5-deployment-86b99c47f4-szh8p
27.0,source-streaming-5-deployment-86b99c47f4-szh8p
29.0,source-streaming-5-deployment-86b99c47f4-szh8p
28.0,source-streaming-5-deployment-86b99c47f4-szh8p
29.0,source-streaming-5-deployment-86b99c47f4-szh8p
28.0,source-streaming-5-deployment-86b99c47f4-szh8p
29.0,source-streaming-5-deployment-86b99c47f4-szh8p
29.0,source-streaming-5-deployment-86b99c47f4-szh8p
29.0,source-streaming-5-deployment-86b99c47f4-szh8p
29.0,source-streaming-5-deployment-86b99c47f4-szh8p
29.0,source-streaming-5-deployment-86b99c47f4-szh8p
29.0,source-streaming-5-deployment-86b99c47f4-szh8p
29.0,source-streaming-5-deployment-86b99c47f4-szh8p
29.0,source-streaming-5-deployment-86b99c47f4-szh8p
30.0,source-streaming-5-deployment-86b99c47f4-szh8p
29.0,source-streaming-5-deployment-86b99c47f4-szh8p
30.0,source-streaming-5-deployment-86b99c47f4-szh8p
29.0,source-streaming-5-deployment-86b99c47f4-szh8p
30.0,source-streaming-5-deployment-86b99c47f4-szh8p
29.0,source-streaming-5-deployment-86b99c47f4-szh8p
30.0,source-streaming-5-deployment-86b99c47f4-szh8p
29.0,source-streaming-5-deployment-86b99c47f4-szh8p
30.0,source-streaming-5-deployment-86b99c47f4-szh8p
30.0,source-streaming-5-deployment-86b99c47f4-szh8p
30.0,source-streaming-5-deployment-86b99c47f4-szh8p
30.0,source-streaming-5-deployment-86b99c47f4-szh8p
30.0,source-streaming-5-deployment-86b99c47f4-szh8p
30.0,source-streaming-5-deployment-86b99c47f4-szh8p
30.0,source-streaming-5-deployment-86b99c47f4-szh8p
30.0,source-streaming-5-deployment-86b99c47f4-szh8p
30.0,source-streaming-5-deployment-86b99c47f4-szh8p
30.0,source-streaming-5-deployment-86b99c47f4-szh8p
30.0,source-streaming-5-deployment-86b99c47f4-szh8p
30.0,source-streaming-5-deployment-86b99c47f4-szh8p
30.0,source-streaming-5-deployment-86b99c47f4-szh8p
30.0,source-streaming-5-deployment-86b99c47f4-szh8p
30.0,source-streaming-5-deployment-86b99c47f4-szh8p
30.0,source-streaming-5-deployment-86b99c47f4-szh8p
30.0,source-streaming-5-deployment-86b99c47f4-szh8p
30.0,source-streaming-5-deployment-86b99c47f4-szh8p
30.0,source-streaming-5-deployment-86b99c47f4-szh8p
30.0,source-streaming-5-deployment-86b99c47f4-szh8p
30.0,source-streaming-5-deployment-86b99c47f4-szh8p
30.0,source-streaming-5-deployment-86b99c47f4-szh8p
29.0,source-streaming-5-deployment-86b99c47f4-szh8p
30.0,source-streaming-5-deployment-86b99c47f4-szh8p
29.0,source-streaming-5-deployment-86b99c47f4-szh8p
30.0,source-streaming-5-deployment-86b99c47f4-szh8p
29.0,source-streaming-5-deployment-86b99c47f4-szh8p
30.0,source-streaming-5-deployment-86b99c47f4-szh8p
29.0,source-streaming-5-deployment-86b99c47f4-szh8p
30.0,source-streaming-5-deployment-86b99c47f4-szh8p
29.0,source-streaming-5-deployment-86b99c47f4-szh8p
30.0,source-streaming-5-deployment-86b99c47f4-szh8p
29.0,source-streaming-5-deployment-86b99c47f4-szh8p
30.0,source-streaming-5-deployment-86b99c47f4-szh8p
29.0,source-streaming-5-deployment-86b99c47f4-szh8p
30.0,source-streaming-5-deployment-86b99c47f4-szh8p
29.0,source-streaming-5-deployment-86b99c47f4-szh8p
30.0,source-streaming-5-deployment-86b99c47f4-szh8p
29.0,source-streaming-5-deployment-86b99c47f4-szh8p
30.0,source-streaming-5-deployment-86b99c47f4-szh8p
29.0,source-streaming-5-deployment-86b99c47f4-szh8p
30.0,source-streaming-5-deployment-86b99c47f4-szh8p
30.0,source-streaming-5-deployment-86b99c47f4-szh8p
30.0,source-streaming-5-deployment-86b99c47f4-szh8p
30.0,source-streaming-5-deployment-86b99c47f4-szh8p
30.0,source-streaming-5-deployment-86b99c47f4-szh8p
30.0,source-streaming-5-deployment-86b99c47f4-szh8p
30.0,source-streaming-5-deployment-86b99c47f4-szh8p
30.0,source-streaming-5-deployment-86b99c47f4-szh8p
30.0,source-streaming-5-deployment-86b99c47f4-szh8p
30.0,source-streaming-5-deployment-86b99c47f4-szh8p
30.0,source-streaming-5-deployment-86b99c47f4-szh8p
30.0,source-streaming-5-deployment-86b99c47f4-szh8p
30.0,source-streaming-5-deployment-86b99c47f4-szh8p
30.0,source-streaming-5-deployment-86b99c47f4-szh8p
30.0,source-streaming-5-deployment-86b99c47f4-szh8p
30.0,source-streaming-5-deployment-86b99c47f4-szh8p
30.0,source-streaming-5-deployment-86b99c47f4-szh8p
30.0,source-streaming-5-deployment-86b99c47f4-szh8p
30.0,source-streaming-5-deployment-86b99c47f4-szh8p
30.0,source-streaming-5-deployment-86b99c47f4-szh8p
30.0,source-streaming-5-deployment-86b99c47f4-szh8p
30.0,source-streaming-5-deployment-86b99c47f4-szh8p
30.0,source-streaming-5-deployment-86b99c47f4-szh8p
30.0,source-streaming-5-deployment-86b99c47f4-szh8p
30.0,source-streaming-5-deployment-86b99c47f4-szh8p
30.0,source-streaming-5-deployment-86b99c47f4-szh8p
30.0,source-streaming-5-deployment-86b99c47f4-szh8p
30.0,source-streaming-5-deployment-86b99c47f4-szh8p
30.0,source-streaming-5-deployment-86b99c47f4-szh8p
30.0,source-streaming-5-deployment-86b99c47f4-szh8p
30.0,source-streaming-5-deployment-86b99c47f4-szh8p
30.0,source-streaming-5-deployment-86b99c47f4-szh8p
30.0,source-streaming-5-deployment-86b99c47f4-szh8p
30.0,source-streaming-5-deployment-86b99c47f4-szh8p
30.0,source-streaming-5-deployment-86b99c47f4-szh8p
30.0,source-streaming-5-deployment-86b99c47f4-szh8p
30.0,source-streaming-5-deployment-86b99c47f4-szh8p
30.0,source-streaming-5-deployment-86b99c47f4-szh8p
30.0,source-streaming-5-deployment-86b99c47f4-szh8p
30.0,source-streaming-5-deployment-86b99c47f4-szh8p
30.0,source-streaming-5-deployment-86b99c47f4-szh8p
30.0,source-streaming-5-deployment-86b99c47f4-szh8p
30.0,source-streaming-5-deployment-86b99c47f4-szh8p
30.0,source-streaming-5-deployment-86b99c47f4-szh8p
30.0,source-streaming-5-deployment-86b99c47f4-szh8p
30.0,source-streaming-5-deployment-86b99c47f4-szh8p
30.0,source-streaming-5-deployment-86b99c47f4-szh8p
29.0,source-streaming-5-deployment-86b99c47f4-szh8p
30.0,source-streaming-5-deployment-86b99c47f4-szh8p
29.0,source-streaming-5-deployment-86b99c47f4-szh8p
30.0,source-streaming-5-deployment-86b99c47f4-szh8p
29.0,source-streaming-5-deployment-86b99c47f4-szh8p
30.0,source-streaming-5-deployment-86b99c47f4-szh8p
29.0,source-streaming-5-deployment-86b99c47f4-szh8p
30.0,source-streaming-5-deployment-86b99c47f4-szh8p
29.0,source-streaming-5-deployment-86b99c47f4-szh8p
30.0,source-streaming-5-deployment-86b99c47f4-szh8p
30.0,source-streaming-5-deployment-86b99c47f4-szh8p
30.0,source-streaming-5-deployment-86b99c47f4-szh8p
30.0,source-streaming-5-deployment-86b99c47f4-szh8p
30.0,source-streaming-5-deployment-86b99c47f4-szh8p
30.0,source-streaming-5-deployment-86b99c47f4-szh8p
30.0,source-streaming-5-deployment-86b99c47f4-szh8p
30.0,source-streaming-5-deployment-86b99c47f4-szh8p
30.0,source-streaming-5-deployment-86b99c47f4-szh8p
30.0,source-streaming-5-deployment-86b99c47f4-szh8p
30.0,source-streaming-5-deployment-86b99c47f4-szh8p
30.0,source-streaming-5-deployment-86b99c47f4-szh8p
30.0,source-streaming-5-deployment-86b99c47f4-szh8p
30.0,source-streaming-5-deployment-86b99c47f4-szh8p
30.0,source-streaming-5-deployment-86b99c47f4-szh8p
30.0,source-streaming-5-deployment-86b99c47f4-szh8p
30.0,source-streaming-5-deployment-86b99c47f4-szh8p
30.0,source-streaming-5-deployment-86b99c47f4-szh8p
30.0,source-streaming-5-deployment-86b99c47f4-szh8p
30.0,source-streaming-5-deployment-86b99c47f4-szh8p
30.0,source-streaming-5-deployment-86b99c47f4-szh8p
30.0,source-streaming-5-deployment-86b99c47f4-szh8p
30.0,source-streaming-5-deployment-86b99c47f4-szh8p
30.0,source-streaming-5-deployment-86b99c47f4-szh8p
30.0,source-streaming-5-deployment-86b99c47f4-szh8p
30.0,source-streaming-5-deployment-86b99c47f4-szh8p
30.0,source-streaming-5-deployment-86b99c47f4-szh8p
30.0,source-streaming-5-deployment-86b99c47f4-szh8p
30.0,source-streaming-5-deployment-86b99c47f4-szh8p
30.0,source-streaming-5-deployment-86b99c47f4-szh8p
30.0,source-streaming-5-deployment-86b99c47f4-szh8p
30.0,source-streaming-5-deployment-86b99c47f4-szh8p
30.0,source-streaming-5-deployment-86b99c47f4-szh8p
30.0,source-streaming-5-deployment-86b99c47f4-szh8p
30.0,source-streaming-5-deployment-86b99c47f4-szh8p
30.0,source-streaming-5-deployment-86b99c47f4-szh8p
30.0,source-streaming-5-deployment-86b99c47f4-szh8p
30.0,source-streaming-5-deployment-86b99c47f4-szh8p
30.0,source-streaming-5-deployment-86b99c47f4-szh8p
30.0,source-streaming-5-deployment-86b99c47f4-szh8p
30.0,source-streaming-5-deployment-86b99c47f4-szh8p
30.0,source-streaming-5-deployment-86b99c47f4-szh8p
30.0,source-streaming-5-deployment-86b99c47f4-szh8p
30.0,source-streaming-5-deployment-86b99c47f4-szh8p
30.0,source-streaming-5-deployment-86b99c47f4-szh8p
30.0,source-streaming-5-deployment-86b99c47f4-szh8p
30.0,source-streaming-5-deployment-86b99c47f4-szh8p
30.0,source-streaming-5-deployment-86b99c47f4-szh8p
30.0,source-streaming-5-deployment-86b99c47f4-szh8p
30.0,source-streaming-5-deployment-86b99c47f4-szh8p
30.0,source-streaming-5-deployment-86b99c47f4-szh8p
30.0,source-streaming-5-deployment-86b99c47f4-szh8p
30.0,source-streaming-5-deployment-86b99c47f4-szh8p
30.0,source-streaming-5-deployment-86b99c47f4-szh8p
30.0,source-streaming-5-deployment-86b99c47f4-szh8p
30.0,source-streaming-5-deployment-86b99c47f4-szh8p
30.0,source-streaming-5-deployment-86b99c47f4-szh8p
30.0,source-streaming-5-deployment-86b99c47f4-szh8p
30.0,source-streaming-5-deployment-86b99c47f4-szh8p
30.0,source-streaming-5-deployment-86b99c47f4-szh8p
30.0,source-streaming-5-deployment-86b99c47f4-szh8p
30.0,source-streaming-5-deployment-86b99c47f4-szh8p
30.0,source-streaming-5-deployment-86b99c47f4-szh8p
30.0,source-streaming-5-deployment-86b99c47f4-szh8p
30.0,source-streaming-5-deployment-86b99c47f4-szh8p
30.0,source-streaming-5-deployment-86b99c47f4-szh8p
30.0,source-streaming-5-deployment-86b99c47f4-szh8p
30.0,source-streaming-5-deployment-86b99c47f4-szh8p
30.0,source-streaming-5-deployment-86b99c47f4-szh8p
30.0,source-streaming-5-deployment-86b99c47f4-szh8p
30.0,source-streaming-5-deployment-86b99c47f4-szh8p
30.0,source-streaming-5-deployment-86b99c47f4-szh8p
30.0,source-streaming-5-deployment-86b99c47f4-szh8p
30.0,source-streaming-5-deployment-86b99c47f4-szh8p
30.0,source-streaming-5-deployment-86b99c47f4-szh8p
30.0,source-streaming-5-deployment-86b99c47f4-szh8p
30.0,source-streaming-5-deployment-86b99c47f4-szh8p
30.0,source-streaming-5-deployment-86b99c47f4-szh8p
30.0,source-streaming-5-deployment-86b99c47f4-szh8p
30.0,source-streaming-5-deployment-86b99c47f4-szh8p
30.0,source-streaming-5-deployment-86b99c47f4-szh8p
30.0,source-streaming-5-deployment-86b99c47f4-szh8p
30.0,source-streaming-5-deployment-86b99c47f4-szh8p
30.0,source-streaming-5-deployment-86b99c47f4-szh8p
30.0,source-streaming-5-deployment-86b99c47f4-szh8p
30.0,source-streaming-5-deployment-86b99c47f4-szh8p
30.0,source-streaming-5-deployment-86b99c47f4-szh8p
30.0,source-streaming-5-deployment-86b99c47f4-szh8p
30.0,source-streaming-5-deployment-86b99c47f4-szh8p
30.0,source-streaming-5-deployment-86b99c47f4-szh8p
30.0,source-streaming-5-deployment-86b99c47f4-szh8p
30.0,source-streaming-5-deployment-86b99c47f4-szh8p
30.0,source-streaming-5-deployment-86b99c47f4-szh8p
30.0,source-streaming-5-deployment-86b99c47f4-szh8p
30.0,source-streaming-5-deployment-86b99c47f4-szh8p
30.0,source-streaming-5-deployment-86b99c47f4-szh8p
30.0,source-streaming-5-deployment-86b99c47f4-szh8p
30.0,source-streaming-5-deployment-86b99c47f4-szh8p
30.0,source-streaming-5-deployment-86b99c47f4-szh8p
30.0,source-streaming-5-deployment-86b99c47f4-szh8p
30.0,source-streaming-5-deployment-86b99c47f4-szh8p
30.0,source-streaming-5-deployment-86b99c47f4-szh8p
30.0,source-streaming-5-deployment-86b99c47f4-szh8p
30.0,source-streaming-5-deployment-86b99c47f4-szh8p
30.0,source-streaming-5-deployment-86b99c47f4-szh8p
30.0,source-streaming-5-deployment-86b99c47f4-szh8p
30.0,source-streaming-5-deployment-86b99c47f4-szh8p
30.0,source-streaming-5-deployment-86b99c47f4-szh8p
30.0,source-streaming-5-deployment-86b99c47f4-szh8p
30.0,source-streaming-5-deployment-86b99c47f4-szh8p
30.0,source-streaming-5-deployment-86b99c47f4-szh8p
30.0,source-streaming-5-deployment-86b99c47f4-szh8p
30.0,source-streaming-5-deployment-86b99c47f4-szh8p
30.0,source-streaming-5-deployment-86b99c47f4-szh8p
30.0,source-streaming-5-deployment-86b99c47f4-szh8p
30.0,source-streaming-5-deployment-86b99c47f4-szh8p
30.0,source-streaming-5-deployment-86b99c47f4-szh8p
30.0,source-streaming-5-deployment-86b99c47f4-szh8p
30.0,source-streaming-5-deployment-86b99c47f4-szh8p
30.0,source-streaming-5-deployment-86b99c47f4-szh8p
30.0,source-streaming-5-deployment-86b99c47f4-szh8p
30.0,source-streaming-5-deployment-86b99c47f4-szh8p
30.0,source-streaming-5-deployment-86b99c47f4-szh8p
30.0,source-streaming-5-deployment-86b99c47f4-szh8p
30.0,source-streaming-5-deployment-86b99c47f4-szh8p
30.0,source-streaming-5-deployment-86b99c47f4-szh8p
30.0,source-streaming-5-deployment-86b99c47f4-szh8p
30.0,source-streaming-5-deployment-86b99c47f4-szh8p
30.0,source-streaming-5-deployment-86b99c47f4-szh8p
30.0,source-streaming-5-deployment-86b99c47f4-szh8p
30.0,source-streaming-5-deployment-86b99c47f4-szh8p
30.0,source-streaming-5-deployment-86b99c47f4-szh8p
30.0,source-streaming-5-deployment-86b99c47f4-szh8p
30.0,source-streaming-5-deployment-86b99c47f4-szh8p
30.0,source-streaming-5-deployment-86b99c47f4-szh8p
30.0,source-streaming-5-deployment-86b99c47f4-szh8p
30.0,source-streaming-5-deployment-86b99c47f4-szh8p
30.0,source-streaming-5-deployment-86b99c47f4-szh8p
30.0,source-streaming-5-deployment-86b99c47f4-szh8p
30.0,source-streaming-5-deployment-86b99c47f4-szh8p
30.0,source-streaming-5-deployment-86b99c47f4-szh8p
30.0,source-streaming-5-deployment-86b99c47f4-szh8p
30.0,source-streaming-5-deployment-86b99c47f4-szh8p
30.0,source-streaming-5-deployment-86b99c47f4-szh8p
30.0,source-streaming-5-deployment-86b99c47f4-szh8p
30.0,source-streaming-5-deployment-86b99c47f4-szh8p
30.0,source-streaming-5-deployment-86b99c47f4-szh8p
30.0,source-streaming-5-deployment-86b99c47f4-szh8p
30.0,source-streaming-5-deployment-86b99c47f4-szh8p
30.0,source-streaming-5-deployment-86b99c47f4-szh8p
30.0,source-streaming-5-deployment-86b99c47f4-szh8p
30.0,source-streaming-5-deployment-86b99c47f4-szh8p
30.0,source-streaming-5-deployment-86b99c47f4-szh8p
30.0,source-streaming-5-deployment-86b99c47f4-szh8p
30.0,source-streaming-5-deployment-86b99c47f4-szh8p
30.0,source-streaming-5-deployment-86b99c47f4-szh8p
30.0,source-streaming-5-deployment-86b99c47f4-szh8p
30.0,source-streaming-5-deployment-86b99c47f4-szh8p
30.0,source-streaming-5-deployment-86b99c47f4-szh8p
30.0,source-streaming-5-deployment-86b99c47f4-szh8p
30.0,source-streaming-5-deployment-86b99c47f4-szh8p
30.0,source-streaming-5-deployment-86b99c47f4-szh8p
30.0,source-streaming-5-deployment-86b99c47f4-szh8p
30.0,source-streaming-5-deployment-86b99c47f4-szh8p
30.0,source-streaming-5-deployment-86b99c47f4-szh8p
30.0,source-streaming-5-deployment-86b99c47f4-szh8p
30.0,source-streaming-5-deployment-86b99c47f4-szh8p
30.0,source-streaming-5-deployment-86b99c47f4-szh8p
30.0,source-streaming-5-deployment-86b99c47f4-szh8p
30.0,source-streaming-5-deployment-86b99c47f4-szh8p
30.0,source-streaming-5-deployment-86b99c47f4-szh8p
30.0,source-streaming-5-deployment-86b99c47f4-szh8p
30.0,source-streaming-5-deployment-86b99c47f4-szh8p
30.0,source-streaming-5-deployment-86b99c47f4-szh8p
30.0,source-streaming-5-deployment-86b99c47f4-szh8p
30.0,source-streaming-5-deployment-86b99c47f4-szh8p
30.0,source-streaming-5-deployment-86b99c47f4-szh8p
30.0,source-streaming-5-deployment-86b99c47f4-szh8p
30.0,source-streaming-5-deployment-86b99c47f4-szh8p
30.0,source-streaming-5-deployment-86b99c47f4-szh8p
30.0,source-streaming-5-deployment-86b99c47f4-szh8p
30.0,source-streaming-5-deployment-86b99c47f4-szh8p
30.0,source-streaming-5-deployment-86b99c47f4-szh8p
30.0,source-streaming-5-deployment-86b99c47f4-szh8p
30.0,source-streaming-5-deployment-86b99c47f4-szh8p
30.0,source-streaming-5-deployment-86b99c47f4-szh8p
30.0,source-streaming-5-deployment-86b99c47f4-szh8p
30.0,source-streaming-5-deployment-86b99c47f4-szh8p
30.0,source-streaming-5-deployment-86b99c47f4-szh8p
30.0,source-streaming-5-deployment-86b99c47f4-szh8p
30.0,source-streaming-5-deployment-86b99c47f4-szh8p
30.0,source-streaming-5-deployment-86b99c47f4-szh8p
30.0,source-streaming-5-deployment-86b99c47f4-szh8p
30.0,source-streaming-5-deployment-86b99c47f4-szh8p
30.0,source-streaming-5-deployment-86b99c47f4-szh8p
30.0,source-streaming-5-deployment-86b99c47f4-szh8p
30.0,source-streaming-5-deployment-86b99c47f4-szh8p
30.0,source-streaming-5-deployment-86b99c47f4-szh8p
30.0,source-streaming-5-deployment-86b99c47f4-szh8p
30.0,source-streaming-5-deployment-86b99c47f4-szh8p
30.0,source-streaming-5-deployment-86b99c47f4-szh8p
30.0,source-streaming-5-deployment-86b99c47f4-szh8p
30.0,source-streaming-5-deployment-86b99c47f4-szh8p
30.0,source-streaming-5-deployment-86b99c47f4-szh8p
30.0,source-streaming-5-deployment-86b99c47f4-szh8p
30.0,source-streaming-5-deployment-86b99c47f4-szh8p
30.0,source-streaming-5-deployment-86b99c47f4-szh8p
30.0,source-streaming-5-deployment-86b99c47f4-szh8p
30.0,source-streaming-5-deployment-86b99c47f4-szh8p
30.0,source-streaming-5-deployment-86b99c47f4-szh8p
30.0,source-streaming-5-deployment-86b99c47f4-szh8p
30.0,source-streaming-5-deployment-86b99c47f4-szh8p
30.0,source-streaming-5-deployment-86b99c47f4-szh8p
30.0,source-streaming-5-deployment-86b99c47f4-szh8p
30.0,source-streaming-5-deployment-86b99c47f4-szh8p
30.0,source-streaming-5-deployment-86b99c47f4-szh8p
30.0,source-streaming-5-deployment-86b99c47f4-szh8p
30.0,source-streaming-5-deployment-86b99c47f4-szh8p
30.0,source-streaming-5-deployment-86b99c47f4-szh8p
30.0,source-streaming-5-deployment-86b99c47f4-szh8p
30.0,source-streaming-5-deployment-86b99c47f4-szh8p
30.0,source-streaming-5-deployment-86b99c47f4-szh8p
30.0,source-streaming-5-deployment-86b99c47f4-szh8p
30.0,source-streaming-5-deployment-86b99c47f4-szh8p
30.0,source-streaming-5-deployment-86b99c47f4-szh8p
30.0,source-streaming-5-deployment-86b99c47f4-szh8p
30.0,source-streaming-5-deployment-86b99c47f4-szh8p
30.0,source-streaming-5-deployment-86b99c47f4-szh8p
30.0,source-streaming-5-deployment-86b99c47f4-szh8p
30.0,source-streaming-5-deployment-86b99c47f4-szh8p
30.0,source-streaming-5-deployment-86b99c47f4-szh8p
30.0,source-streaming-5-deployment-86b99c47f4-szh8p
30.0,source-streaming-5-deployment-86b99c47f4-szh8p
30.0,source-streaming-5-deployment-86b99c47f4-szh8p
30.0,source-streaming-5-deployment-86b99c47f4-szh8p
30.0,source-streaming-5-deployment-86b99c47f4-szh8p
30.0,source-streaming-5-deployment-86b99c47f4-szh8p
30.0,source-streaming-5-deployment-86b99c47f4-szh8p
30.0,source-streaming-5-deployment-86b99c47f4-szh8p
30.0,source-streaming-5-deployment-86b99c47f4-szh8p
30.0,source-streaming-5-deployment-86b99c47f4-szh8p
30.0,source-streaming-5-deployment-86b99c47f4-szh8p
30.0,source-streaming-5-deployment-86b99c47f4-szh8p
30.0,source-streaming-5-deployment-86b99c47f4-szh8p
30.0,source-streaming-5-deployment-86b99c47f4-szh8p
30.0,source-streaming-5-deployment-86b99c47f4-szh8p
30.0,source-streaming-5-deployment-86b99c47f4-szh8p
30.0,source-streaming-5-deployment-86b99c47f4-szh8p
30.0,source-streaming-5-deployment-86b99c47f4-szh8p
30.0,source-streaming-5-deployment-86b99c47f4-szh8p
30.0,source-streaming-5-deployment-86b99c47f4-szh8p
30.0,source-streaming-5-deployment-86b99c47f4-szh8p
30.0,source-streaming-5-deployment-86b99c47f4-szh8p
30.0,source-streaming-5-deployment-86b99c47f4-szh8p
30.0,source-streaming-5-deployment-86b99c47f4-szh8p
30.0,source-streaming-5-deployment-86b99c47f4-szh8p
30.0,source-streaming-5-deployment-86b99c47f4-szh8p
30.0,source-streaming-5-deployment-86b99c47f4-szh8p
30.0,source-streaming-5-deployment-86b99c47f4-szh8p
30.0,source-streaming-5-deployment-86b99c47f4-szh8p
30.0,source-streaming-5-deployment-86b99c47f4-szh8p
30.0,source-streaming-5-deployment-86b99c47f4-szh8p
30.0,source-streaming-5-deployment-86b99c47f4-szh8p
30.0,source-streaming-5-deployment-86b99c47f4-szh8p
30.0,source-streaming-5-deployment-86b99c47f4-szh8p
30.0,source-streaming-5-deployment-86b99c47f4-szh8p
30.0,source-streaming-5-deployment-86b99c47f4-szh8p
30.0,source-streaming-5-deployment-86b99c47f4-szh8p
30.0,source-streaming-5-deployment-86b99c47f4-szh8p
30.0,source-streaming-5-deployment-86b99c47f4-szh8p
30.0,source-streaming-5-deployment-86b99c47f4-szh8p
30.0,source-streaming-5-deployment-86b99c47f4-szh8p
30.0,source-streaming-5-deployment-86b99c47f4-szh8p
30.0,source-streaming-5-deployment-86b99c47f4-szh8p
30.0,source-streaming-5-deployment-86b99c47f4-szh8p
30.0,source-streaming-5-deployment-86b99c47f4-szh8p
30.0,source-streaming-5-deployment-86b99c47f4-szh8p
30.0,source-streaming-5-deployment-86b99c47f4-szh8p
30.0,source-streaming-5-deployment-86b99c47f4-szh8p
30.0,source-streaming-5-deployment-86b99c47f4-szh8p
30.0,source-streaming-5-deployment-86b99c47f4-szh8p
30.0,source-streaming-5-deployment-86b99c47f4-szh8p
30.0,source-streaming-5-deployment-86b99c47f4-szh8p
30.0,source-streaming-5-deployment-86b99c47f4-szh8p
30.0,source-streaming-5-deployment-86b99c47f4-szh8p
30.0,source-streaming-5-deployment-86b99c47f4-szh8p
30.0,source-streaming-5-deployment-86b99c47f4-szh8p
30.0,source-streaming-5-deployment-86b99c47f4-szh8p
30.0,source-streaming-5-deployment-86b99c47f4-szh8p
30.0,source-streaming-5-deployment-86b99c47f4-szh8p
30.0,source-streaming-5-deployment-86b99c47f4-szh8p
30.0,source-streaming-5-deployment-86b99c47f4-szh8p
30.0,source-streaming-5-deployment-86b99c47f4-szh8p
30.0,source-streaming-5-deployment-86b99c47f4-szh8p
30.0,source-streaming-5-deployment-86b99c47f4-szh8p
30.0,source-streaming-5-deployment-86b99c47f4-szh8p
30.0,source-streaming-5-deployment-86b99c47f4-szh8p
30.0,source-streaming-5-deployment-86b99c47f4-szh8p
30.0,source-streaming-5-deployment-86b99c47f4-szh8p
30.0,source-streaming-5-deployment-86b99c47f4-szh8p
30.0,source-streaming-5-deployment-86b99c47f4-szh8p
30.0,source-streaming-5-deployment-86b99c47f4-szh8p
30.0,source-streaming-5-deployment-86b99c47f4-szh8p
30.0,source-streaming-5-deployment-86b99c47f4-szh8p
30.0,source-streaming-5-deployment-86b99c47f4-szh8p
30.0,source-streaming-5-deployment-86b99c47f4-szh8p
30.0,source-streaming-5-deployment-86b99c47f4-szh8p
30.0,source-streaming-5-deployment-86b99c47f4-szh8p
30.0,source-streaming-5-deployment-86b99c47f4-szh8p
30.0,source-streaming-5-deployment-86b99c47f4-szh8p
30.0,source-streaming-5-deployment-86b99c47f4-szh8p
30.0,source-streaming-5-deployment-86b99c47f4-szh8p
30.0,source-streaming-5-deployment-86b99c47f4-szh8p
30.0,source-streaming-5-deployment-86b99c47f4-szh8p
30.0,source-streaming-5-deployment-86b99c47f4-szh8p
30.0,source-streaming-5-deployment-86b99c47f4-szh8p
30.0,source-streaming-5-deployment-86b99c47f4-szh8p
30.0,source-streaming-5-deployment-86b99c47f4-szh8p
30.0,source-streaming-5-deployment-86b99c47f4-szh8p
30.0,source-streaming-5-deployment-86b99c47f4-szh8p
30.0,source-streaming-5-deployment-86b99c47f4-szh8p
30.0,source-streaming-5-deployment-86b99c47f4-szh8p
30.0,source-streaming-5-deployment-86b99c47f4-szh8p
30.0,source-streaming-5-deployment-86b99c47f4-szh8p
30.0,source-streaming-5-deployment-86b99c47f4-szh8p
30.0,source-streaming-5-deployment-86b99c47f4-szh8p
30.0,source-streaming-5-deployment-86b99c47f4-szh8p
30.0,source-streaming-5-deployment-86b99c47f4-szh8p
30.0,source-streaming-5-deployment-86b99c47f4-szh8p
30.0,source-streaming-5-deployment-86b99c47f4-szh8p
30.0,source-streaming-5-deployment-86b99c47f4-szh8p
30.0,source-streaming-5-deployment-86b99c47f4-szh8p
30.0,source-streaming-5-deployment-86b99c47f4-szh8p
30.0,source-streaming-5-deployment-86b99c47f4-szh8p
30.0,source-streaming-5-deployment-86b99c47f4-szh8p
30.0,source-streaming-5-deployment-86b99c47f4-szh8p
30.0,source-streaming-5-deployment-86b99c47f4-szh8p
30.0,source-streaming-5-deployment-86b99c47f4-szh8p
30.0,source-streaming-5-deployment-86b99c47f4-szh8p
30.0,source-streaming-5-deployment-86b99c47f4-szh8p
30.0,source-streaming-5-deployment-86b99c47f4-szh8p
30.0,source-streaming-5-deployment-86b99c47f4-szh8p
30.0,source-streaming-5-deployment-86b99c47f4-szh8p
30.0,source-streaming-5-deployment-86b99c47f4-szh8p
30.0,source-streaming-5-deployment-86b99c47f4-szh8p
30.0,source-streaming-5-deployment-86b99c47f4-szh8p
30.0,source-streaming-5-deployment-86b99c47f4-szh8p
30.0,source-streaming-5-deployment-86b99c47f4-szh8p
30.0,source-streaming-5-deployment-86b99c47f4-szh8p
30.0,source-streaming-5-deployment-86b99c47f4-szh8p
30.0,source-streaming-5-deployment-86b99c47f4-szh8p
30.0,source-streaming-5-deployment-86b99c47f4-szh8p
30.0,source-streaming-5-deployment-86b99c47f4-szh8p
30.0,source-streaming-5-deployment-86b99c47f4-szh8p
30.0,source-streaming-5-deployment-86b99c47f4-szh8p
30.0,source-streaming-5-deployment-86b99c47f4-szh8p
30.0,source-streaming-5-deployment-86b99c47f4-szh8p
30.0,source-streaming-5-deployment-86b99c47f4-szh8p
30.0,source-streaming-5-deployment-86b99c47f4-szh8p
30.0,source-streaming-5-deployment-86b99c47f4-szh8p
30.0,source-streaming-5-deployment-86b99c47f4-szh8p
30.0,source-streaming-5-deployment-86b99c47f4-szh8p
30.0,source-streaming-5-deployment-86b99c47f4-szh8p
30.0,source-streaming-5-deployment-86b99c47f4-szh8p
30.0,source-streaming-5-deployment-86b99c47f4-szh8p
30.0,source-streaming-5-deployment-86b99c47f4-szh8p
30.0,source-streaming-5-deployment-86b99c47f4-szh8p
30.0,source-streaming-5-deployment-86b99c47f4-szh8p
30.0,source-streaming-5-deployment-86b99c47f4-szh8p
30.0,source-streaming-5-deployment-86b99c47f4-szh8p
30.0,source-streaming-5-deployment-86b99c47f4-szh8p
30.0,source-streaming-5-deployment-86b99c47f4-szh8p
30.0,source-streaming-5-deployment-86b99c47f4-szh8p
30.0,source-streaming-5-deployment-86b99c47f4-szh8p
30.0,source-streaming-5-deployment-86b99c47f4-szh8p
30.0,source-streaming-5-deployment-86b99c47f4-szh8p
30.0,source-streaming-5-deployment-86b99c47f4-szh8p
30.0,source-streaming-5-deployment-86b99c47f4-szh8p
30.0,source-streaming-5-deployment-86b99c47f4-szh8p
30.0,source-streaming-5-deployment-86b99c47f4-szh8p
30.0,source-streaming-5-deployment-86b99c47f4-szh8p
30.0,source-streaming-5-deployment-86b99c47f4-szh8p
30.0,source-streaming-5-deployment-86b99c47f4-szh8p
30.0,source-streaming-5-deployment-86b99c47f4-szh8p
30.0,source-streaming-5-deployment-86b99c47f4-szh8p
30.0,source-streaming-5-deployment-86b99c47f4-szh8p
30.0,source-streaming-5-deployment-86b99c47f4-szh8p
30.0,source-streaming-5-deployment-86b99c47f4-szh8p
30.0,source-streaming-5-deployment-86b99c47f4-szh8p
30.0,source-streaming-5-deployment-86b99c47f4-szh8p
30.0,source-streaming-5-deployment-86b99c47f4-szh8p
30.0,source-streaming-5-deployment-86b99c47f4-szh8p
30.0,source-streaming-5-deployment-86b99c47f4-szh8p
30.0,source-streaming-5-deployment-86b99c47f4-szh8p
30.0,source-streaming-5-deployment-86b99c47f4-szh8p
30.0,source-streaming-5-deployment-86b99c47f4-szh8p
30.0,source-streaming-5-deployment-86b99c47f4-szh8p
30.0,source-streaming-5-deployment-86b99c47f4-szh8p
30.0,source-streaming-5-deployment-86b99c47f4-szh8p
30.0,source-streaming-5-deployment-86b99c47f4-szh8p
30.0,source-streaming-5-deployment-86b99c47f4-szh8p
30.0,source-streaming-5-deployment-86b99c47f4-szh8p
30.0,source-streaming-5-deployment-86b99c47f4-szh8p
30.0,source-streaming-5-deployment-86b99c47f4-szh8p
30.0,source-streaming-5-deployment-86b99c47f4-szh8p
30.0,source-streaming-5-deployment-86b99c47f4-szh8p
30.0,source-streaming-5-deployment-86b99c47f4-szh8p
30.0,source-streaming-5-deployment-86b99c47f4-szh8p
30.0,source-streaming-5-deployment-86b99c47f4-szh8p
30.0,source-streaming-5-deployment-86b99c47f4-szh8p
30.0,source-streaming-5-deployment-86b99c47f4-szh8p
30.0,source-streaming-5-deployment-86b99c47f4-szh8p
30.0,source-streaming-5-deployment-86b99c47f4-szh8p
30.0,source-streaming-5-deployment-86b99c47f4-szh8p
30.0,source-streaming-5-deployment-86b99c47f4-szh8p
30.0,source-streaming-5-deployment-86b99c47f4-szh8p
30.0,source-streaming-5-deployment-86b99c47f4-szh8p
30.0,source-streaming-5-deployment-86b99c47f4-szh8p
30.0,source-streaming-5-deployment-86b99c47f4-szh8p
30.0,source-streaming-5-deployment-86b99c47f4-szh8p
30.0,source-streaming-5-deployment-86b99c47f4-szh8p
30.0,source-streaming-5-deployment-86b99c47f4-szh8p
30.0,source-streaming-5-deployment-86b99c47f4-szh8p
30.0,source-streaming-5-deployment-86b99c47f4-szh8p
30.0,source-streaming-5-deployment-86b99c47f4-szh8p
30.0,source-streaming-5-deployment-86b99c47f4-szh8p
30.0,source-streaming-5-deployment-86b99c47f4-szh8p
30.0,source-streaming-5-deployment-86b99c47f4-szh8p
30.0,source-streaming-5-deployment-86b99c47f4-szh8p
30.0,source-streaming-5-deployment-86b99c47f4-szh8p
30.0,source-streaming-5-deployment-86b99c47f4-szh8p
30.0,source-streaming-5-deployment-86b99c47f4-szh8p
30.0,source-streaming-5-deployment-86b99c47f4-szh8p
30.0,source-streaming-5-deployment-86b99c47f4-szh8p
30.0,source-streaming-5-deployment-86b99c47f4-szh8p
30.0,source-streaming-5-deployment-86b99c47f4-szh8p
30.0,source-streaming-5-deployment-86b99c47f4-szh8p
30.0,source-streaming-5-deployment-86b99c47f4-szh8p
30.0,source-streaming-5-deployment-86b99c47f4-szh8p
30.0,source-streaming-5-deployment-86b99c47f4-szh8p
30.0,source-streaming-5-deployment-86b99c47f4-szh8p
30.0,source-streaming-5-deployment-86b99c47f4-szh8p
30.0,source-streaming-5-deployment-86b99c47f4-szh8p
30.0,source-streaming-5-deployment-86b99c47f4-szh8p
30.0,source-streaming-5-deployment-86b99c47f4-szh8p
30.0,source-streaming-5-deployment-86b99c47f4-szh8p
30.0,source-streaming-5-deployment-86b99c47f4-szh8p
30.0,source-streaming-5-deployment-86b99c47f4-szh8p
30.0,source-streaming-5-deployment-86b99c47f4-szh8p
30.0,source-streaming-5-deployment-86b99c47f4-szh8p
30.0,source-streaming-5-deployment-86b99c47f4-szh8p
30.0,source-streaming-5-deployment-86b99c47f4-szh8p
30.0,source-streaming-5-deployment-86b99c47f4-szh8p
30.0,source-streaming-5-deployment-86b99c47f4-szh8p
30.0,source-streaming-5-deployment-86b99c47f4-szh8p
30.0,source-streaming-5-deployment-86b99c47f4-szh8p
